100
5000
14 29
87 24
23 73
2 6
70 3
29 44
8 91
50 27
14 58
49 49
81 45
96 1
4 3
84 50
36 28
39 98
35 48
35 6
10 13
7 39
57 21
60 29
92 72
96 27
96 20
70 67
73 72
14 53
93 62
69 86
83 32
17 70
97 80
26 74
98 17
76 76
63 23
64 76
70 25
46 74
36 96
10 62
46 41
16 80
98 13
2 89
89 46
73 15
21 65
38 91
5 28
75 30
78 49
17 17
60 48
54 13
87 49
23 9
6 79
16 18
4 49
31 76
6 89
26 34
95 33
90 84
15 45
30 88
52 66
54 90
73 9
92 95
30 91
12 21
13 78
3 48
48 32
28 72
71 78
87 37
57 60
37 90
7 70
35 96
28 28
86 88
62 58
80 31
53 3
39 89
76 89
84 75
4 91
24 94
36 10
22 33
84 4
48 77
10 5
86 47
91 88
19 26
72 86
67 42
71 21
89 9
64 55
61 98
99 35
86 29
67 2
13 37
29 32
83 90
33 88
48 58
59 2
1 19
28 76
85 79
4 90
76 1
76 15
18 91
91 37
45 26
40 22
9 10
42 15
14 93
3 81
62 30
46 51
36 66
12 51
6 30
22 51
5 32
82 17
94 83
98 6
86 28
14 26
48 34
36 20
0 98
10 4
62 64
21 82
31 45
28 46
80 77
40 45
87 81
41 95
71 64
43 44
70 0
40 27
85 61
40 67
4 62
28 24
20 99
69 36
59 26
23 43
89 47
74 28
34 67
34 79
89 96
23 91
59 42
30 95
83 69
57 12
24 46
56 46
9 36
94 61
54 75
61 59
71 94
8 60
99 73
61 2
15 50
77 34
55 22
90 49
94 70
29 8
90 68
16 34
39 64
5 1
54 26
21 72
31 57
17 94
59 93
61 76
99 95
60 30
96 82
70 8
20 54
60 41
53 43
38 2
38 15
97 51
17 45
92 10
23 8
46 11
7 74
81 70
77 21
22 40
8 8
95 15
96 50
4 58
11 7
14 35
45 72
63 68
71 80
44 69
50 44
50 34
52 60
40 77
33 28
26 54
66 75
51 19
23 61
24 71
89 33
65 84
39 68
19 23
21 98
5 29
58 2
77 10
41 60
55 77
30 50
64 32
32 30
54 60
9 90
4 30
48 41
55 7
80 63
40 47
74 4
61 55
62 42
41 53
95 54
51 86
49 68
37 44
36 76
16 65
41 7
4 22
0 78
56 50
40 37
45 68
4 18
22 58
97 76
21 73
36 77
42 58
56 18
59 81
73 58
33 0
38 98
24 81
22 73
21 55
74 16
38 69
4 95
94 40
70 59
18 93
79 23
64 88
20 32
86 94
33 16
53 62
46 80
87 50
6 67
3 58
34 5
48 97
71 31
40 1
71 14
50 72
99 12
9 29
21 36
49 20
63 83
44 4
29 75
6 17
40 90
53 86
45 71
45 59
30 72
87 69
20 63
61 5
36 14
85 76
9 3
53 39
34 30
88 68
51 55
68 50
47 31
25 30
77 23
92 25
52 69
23 55
31 25
50 6
87 13
39 39
10 85
69 56
62 72
13 4
81 8
24 11
59 63
93 75
15 87
11 12
32 61
17 7
8 59
65 28
94 41
44 96
99 8
39 90
54 55
35 91
32 48
97 99
49 90
90 40
50 64
75 71
43 74
13 13
75 17
79 70
51 43
54 51
55 69
47 67
80 88
20 97
72 90
10 88
42 83
1 45
47 82
38 63
93 3
72 84
1 80
66 21
91 94
95 1
15 67
82 38
25 0
86 84
61 27
14 83
49 80
79 42
24 28
91 58
48 21
42 74
8 2
63 94
55 10
11 39
49 59
51 56
8 22
32 45
71 19
92 57
60 8
89 38
49 39
65 74
94 95
9 38
93 24
69 25
58 79
21 76
20 7
50 60
10 33
2 33
61 81
89 24
51 51
24 42
77 53
8 18
17 95
90 54
94 76
24 30
23 60
43 25
74 62
99 15
16 77
58 84
21 48
32 19
47 44
43 83
6 87
80 99
2 46
77 4
11 5
23 21
1 13
92 89
38 54
53 29
20 65
18 98
10 59
23 14
21 27
31 93
30 57
35 99
65 46
20 59
8 61
89 85
56 10
56 47
1 5
53 50
63 31
9 95
98 83
84 80
14 65
32 33
36 93
9 71
78 51
52 81
51 70
50 36
79 87
38 93
45 31
3 17
18 66
84 99
8 20
95 85
7 99
3 46
12 27
13 16
11 44
22 6
87 8
70 82
79 0
53 14
91 24
96 90
84 21
29 58
9 53
84 91
31 6
2 37
36 75
81 97
93 77
43 31
80 27
35 0
47 51
48 18
88 83
16 60
27 26
76 44
14 2
65 47
31 82
20 39
3 60
21 0
99 58
21 90
46 64
83 43
70 93
30 18
49 37
95 57
47 48
35 70
54 7
66 65
3 62
57 51
83 82
52 30
61 94
6 5
79 82
26 46
39 9
53 94
71 67
12 55
74 98
95 55
13 38
80 75
96 37
33 77
88 74
54 96
85 82
7 31
87 85
37 63
20 68
28 9
29 22
75 50
86 24
33 53
58 33
6 19
37 32
92 46
75 82
64 62
70 51
37 89
20 46
33 39
73 25
70 57
29 74
4 60
55 75
61 80
49 16
37 68
81 50
61 89
68 38
37 81
6 92
7 27
26 10
73 84
61 66
0 47
45 65
82 62
44 30
15 19
40 0
40 68
93 34
51 78
24 13
91 71
65 63
80 97
81 33
83 25
97 14
87 39
29 88
47 41
9 19
50 92
33 42
28 5
38 40
98 53
15 59
91 47
43 82
30 73
38 28
69 58
2 69
44 63
22 2
57 99
86 71
56 36
96 60
80 9
27 71
75 48
16 69
92 35
8 47
18 99
98 31
1 1
47 81
77 1
64 5
29 96
4 24
13 86
21 81
17 4
34 20
32 86
97 6
57 2
70 87
66 97
71 71
5 73
72 66
68 14
95 69
16 1
37 24
85 69
44 71
75 28
37 5
74 33
89 12
26 47
79 92
46 46
31 44
26 3
97 66
98 98
88 18
7 14
71 97
91 69
5 78
89 53
59 60
91 65
99 90
46 99
30 77
8 48
65 23
52 40
57 7
43 64
18 23
27 33
17 35
19 62
4 77
20 92
53 40
69 8
8 25
30 48
81 76
51 48
6 55
39 48
18 26
55 65
62 87
75 64
10 53
59 98
39 85
90 99
0 65
95 11
5 33
43 16
8 97
95 24
32 50
72 54
58 9
16 38
73 46
95 39
25 89
2 61
30 62
95 63
57 29
38 27
87 0
33 12
67 75
44 67
0 9
55 53
23 58
40 6
61 32
34 0
38 94
51 80
27 88
34 6
52 24
15 2
90 46
83 38
44 85
5 90
73 69
3 39
15 91
18 33
95 94
76 54
8 93
30 40
46 5
74 39
24 88
30 54
92 59
44 89
50 40
31 66
79 7
34 42
27 55
31 70
67 17
52 98
2 0
20 71
35 52
43 99
21 17
84 0
12 22
46 44
54 78
65 25
74 76
86 2
87 27
92 75
42 33
55 6
88 0
65 79
59 51
86 40
12 2
42 37
74 92
87 89
95 12
54 24
54 22
9 0
43 94
30 99
17 8
11 78
91 11
77 56
67 24
51 65
26 16
37 11
62 16
16 26
24 59
40 38
45 50
71 28
16 37
59 74
31 77
87 5
76 79
58 93
58 48
98 58
87 80
28 82
53 13
60 97
44 25
77 0
19 90
56 54
43 92
76 21
40 5
88 61
80 19
28 1
46 86
15 77
62 11
70 60
96 72
35 12
45 28
21 60
62 49
70 55
84 78
8 30
47 90
94 74
33 99
84 35
24 41
92 40
51 81
81 73
0 51
14 13
32 82
49 70
90 57
78 45
97 39
89 98
58 94
87 99
49 44
59 94
47 37
91 81
62 71
90 9
93 18
1 37
63 72
9 79
87 38
5 43
90 6
89 51
28 93
60 84
30 96
47 39
88 14
66 59
39 78
56 9
88 48
20 4
9 12
90 79
6 24
41 77
93 28
69 79
15 43
18 95
66 87
62 52
26 69
17 30
17 28
10 18
45 6
4 32
53 21
5 0
16 61
93 5
76 47
19 75
29 4
8 1
15 0
94 19
46 33
45 73
0 45
97 21
4 2
75 95
18 38
67 33
82 4
0 83
30 45
88 81
84 43
68 90
4 97
92 5
76 43
1 78
61 92
10 38
89 70
84 44
10 64
72 29
95 62
68 16
1 90
48 9
87 12
68 51
28 53
2 12
30 86
93 21
10 73
37 71
19 6
53 67
18 77
40 9
6 22
27 54
86 60
62 59
59 68
98 39
9 55
36 71
31 50
28 45
82 79
10 45
75 69
37 88
31 65
27 57
7 97
41 11
40 42
29 33
50 46
48 79
26 51
2 73
64 1
50 81
87 55
12 20
7 37
7 29
44 11
28 52
18 32
78 60
40 4
70 85
16 28
64 78
73 51
52 72
8 45
96 79
88 47
38 68
15 34
16 98
14 41
86 58
82 41
31 94
40 54
79 77
79 41
66 45
68 63
66 41
16 86
59 61
70 98
4 38
75 44
57 90
44 0
30 74
5 80
74 15
26 87
16 4
92 61
34 82
78 71
70 5
40 83
23 77
72 64
82 90
84 67
13 64
41 27
0 10
78 64
51 28
37 2
98 84
69 45
59 53
94 52
94 10
58 80
47 96
91 6
52 82
0 96
27 9
32 94
33 69
20 74
65 18
17 25
99 84
51 34
37 82
10 29
43 87
29 35
93 68
11 43
74 8
5 60
87 28
79 91
66 92
14 69
4 54
98 9
57 49
14 99
14 18
58 8
49 18
32 10
18 47
61 72
69 17
90 83
92 93
65 78
62 96
43 91
55 87
55 11
6 68
7 58
3 18
31 91
47 12
54 87
56 78
29 34
9 28
59 66
45 34
48 60
27 34
63 55
22 24
49 84
83 51
43 41
39 5
99 21
50 28
86 12
31 12
69 49
83 98
51 32
46 66
55 76
36 1
64 29
45 84
72 22
84 69
93 67
43 0
49 67
15 51
78 91
63 3
57 20
44 26
23 15
22 53
51 23
73 55
51 54
61 38
88 20
84 71
64 87
99 1
10 89
75 41
29 52
90 95
24 65
99 72
64 96
20 95
29 46
69 83
11 31
85 19
57 75
15 72
68 8
81 1
66 78
27 42
48 81
90 47
31 71
80 64
81 15
10 60
19 25
94 12
58 7
47 17
17 29
81 46
45 23
10 14
40 41
32 56
18 50
97 91
84 89
19 30
79 89
59 95
14 71
82 89
74 21
38 59
6 77
69 81
83 55
79 62
19 67
31 2
8 95
90 76
11 60
35 27
26 77
37 48
47 95
2 75
30 17
62 36
23 65
46 8
26 83
16 99
81 31
39 87
30 29
46 63
61 20
6 56
66 98
51 85
98 24
86 98
74 64
59 52
74 97
33 14
96 99
18 17
25 86
85 98
73 63
58 88
75 22
58 25
0 24
45 81
78 40
7 72
82 8
1 83
3 7
84 42
87 26
83 62
81 9
12 50
54 66
65 52
23 6
31 98
17 90
41 80
68 91
43 24
40 2
32 95
82 15
26 7
2 95
54 65
76 77
6 85
27 35
25 88
84 49
53 60
19 33
5 26
75 97
59 88
90 20
77 37
97 97
70 50
42 40
46 82
47 46
34 18
72 75
50 69
69 33
72 42
54 4
36 32
93 37
53 93
80 39
77 75
62 94
60 18
20 17
79 51
89 78
24 15
6 36
73 96
19 80
35 77
31 92
34 44
11 85
79 13
21 25
26 96
36 24
17 68
48 69
28 65
61 18
86 20
4 17
24 78
94 0
88 77
96 65
74 47
82 67
81 78
97 63
46 70
58 12
71 76
26 32
74 81
10 94
44 62
12 13
93 66
41 29
66 33
17 84
73 99
0 20
40 34
68 0
11 17
66 12
1 18
53 6
22 92
90 96
63 97
4 76
49 73
21 52
44 50
17 34
97 49
77 52
28 34
11 42
16 93
46 93
8 24
78 50
95 96
82 48
69 9
86 82
73 73
49 21
59 84
15 55
25 64
9 41
90 73
64 82
80 18
17 77
15 89
47 43
96 15
22 10
0 70
0 87
84 82
15 27
61 28
69 68
30 78
41 1
76 94
1 79
33 38
7 67
25 68
84 6
63 59
29 29
60 72
3 89
32 71
18 44
72 95
34 50
47 15
66 51
37 45
0 14
40 30
74 12
70 2
98 0
79 36
83 53
18 14
28 60
68 65
43 71
93 27
63 52
28 13
56 31
31 3
80 26
32 84
65 12
44 59
95 79
22 36
82 59
7 3
59 78
98 73
34 2
92 98
30 84
74 9
56 82
42 68
88 86
72 63
7 68
15 5
10 74
83 74
8 86
80 15
24 33
55 68
74 37
40 79
47 14
51 42
78 78
14 48
76 23
46 14
36 0
8 33
29 37
27 68
73 78
32 11
22 82
70 48
33 73
55 58
55 50
71 73
97 98
14 90
25 45
14 72
64 41
48 23
42 17
91 79
19 70
46 67
39 59
99 27
96 23
68 79
31 41
41 15
12 43
89 14
78 32
79 26
13 65
81 12
37 56
37 66
92 68
33 80
55 84
47 52
86 90
83 17
90 81
27 69
6 43
87 6
10 98
83 40
39 82
5 35
56 81
41 37
56 4
48 20
68 7
51 31
18 55
41 82
25 87
52 33
32 24
35 88
61 79
14 62
86 53
59 50
94 98
23 10
22 30
38 85
50 26
68 64
68 9
64 18
4 83
39 35
26 20
82 70
80 55
31 38
37 60
58 63
73 2
21 49
41 62
80 69
56 11
8 76
47 57
83 9
70 76
31 84
87 94
26 38
6 7
79 66
39 96
12 88
37 76
24 93
31 27
8 96
84 53
28 15
25 70
39 93
18 1
3 11
59 85
69 29
77 98
55 37
72 16
84 24
36 60
92 1
49 62
64 43
66 81
74 59
58 86
19 98
96 94
94 79
29 21
11 84
81 18
98 45
77 30
89 90
7 38
26 14
70 30
35 11
68 87
71 25
42 52
18 20
9 48
44 73
60 62
88 99
5 74
12 12
28 4
15 6
48 91
4 45
82 94
44 24
28 80
30 39
92 26
8 57
32 34
41 99
46 73
13 55
3 92
36 33
0 75
0 90
72 59
67 89
47 83
53 95
9 24
45 99
93 79
22 57
27 16
27 59
23 25
76 60
85 68
61 74
41 46
91 56
16 3
82 20
76 81
27 76
70 9
58 39
76 55
77 15
86 81
6 66
85 24
10 31
26 99
55 45
18 4
11 95
93 54
43 78
50 25
3 47
21 64
80 45
22 8
59 39
27 75
63 27
78 68
31 13
92 34
48 65
9 8
36 59
7 42
16 49
20 13
54 19
65 76
25 47
80 17
66 52
74 65
11 90
69 89
45 53
29 42
57 76
18 35
49 95
26 57
64 53
15 64
73 95
10 9
18 51
41 85
31 51
89 15
38 47
18 65
89 49
92 3
16 9
44 95
52 93
66 73
85 21
49 91
53 99
55 38
5 79
95 46
58 0
93 38
49 10
24 62
62 1
40 48
58 13
1 24
32 76
85 57
83 73
60 99
58 36
65 50
16 22
37 30
49 22
20 60
21 21
86 50
3 38
63 24
88 2
13 47
82 82
0 21
66 31
29 68
37 83
33 35
93 78
43 20
82 81
4 4
10 46
79 14
40 15
85 0
80 57
23 23
4 80
40 31
47 91
88 60
26 66
54 40
63 51
84 20
19 68
93 92
45 57
2 11
38 57
2 17
59 47
74 1
43 1
79 11
57 18
89 68
26 60
65 99
41 30
21 67
43 50
30 58
9 43
76 49
90 38
66 20
86 31
44 22
5 38
21 56
50 78
29 62
96 51
49 85
45 80
36 37
39 8
80 67
83 44
8 67
99 56
79 88
25 76
73 77
30 24
66 89
53 31
81 23
94 14
91 38
1 30
84 23
56 60
1 36
61 6
40 36
67 46
76 52
32 41
62 10
56 73
6 16
12 63
44 18
36 81
45 83
8 7
48 64
25 96
97 75
36 41
64 71
24 99
92 32
86 70
77 76
10 16
25 21
84 11
48 80
48 53
79 33
61 97
47 80
0 11
80 54
93 63
37 33
18 2
68 88
77 67
42 42
30 14
57 94
14 7
81 60
53 52
42 66
85 99
94 84
84 8
72 13
68 46
32 7
5 56
18 37
50 10
33 57
39 37
43 14
55 1
20 56
2 1
13 85
79 1
66 27
88 12
23 66
47 16
49 47
1 46
79 94
95 80
58 72
44 75
86 19
1 51
43 96
46 3
52 62
49 23
3 80
25 39
62 83
52 58
8 98
5 84
72 23
71 96
75 55
61 42
95 35
29 69
34 93
82 18
92 88
29 31
38 35
28 62
86 0
98 68
85 2
31 87
47 33
92 2
11 86
38 4
59 25
59 16
85 33
12 56
22 98
83 68
58 91
60 6
75 9
39 16
70 66
80 90
11 70
73 57
67 81
38 65
75 73
52 8
85 92
45 90
72 51
77 2
19 21
24 91
49 74
76 98
43 3
8 77
90 18
31 47
57 89
77 25
1 7
6 48
75 59
36 65
60 87
84 74
82 39
87 30
33 65
7 20
21 30
53 47
3 65
13 26
72 78
83 50
72 4
33 70
89 36
98 11
57 78
27 78
18 62
92 41
37 67
37 6
26 95
40 84
42 89
94 49
48 76
51 5
32 93
52 76
15 32
39 36
14 64
54 72
47 22
86 35
51 99
27 13
25 18
76 42
51 17
40 85
29 28
54 41
29 1
3 82
57 95
14 31
46 89
7 4
90 13
43 8
1 92
17 42
46 54
34 3
29 36
57 58
58 57
4 48
32 72
35 2
10 17
32 0
49 14
9 20
45 62
34 47
65 30
81 64
19 63
88 70
3 85
92 62
10 24
81 61
15 53
43 35
64 64
51 2
70 16
10 21
66 76
81 7
72 83
24 43
73 4
17 49
42 72
71 9
25 15
62 27
98 25
90 12
32 23
54 52
32 14
95 28
35 22
4 99
42 30
35 7
68 89
79 72
54 6
1 25
73 33
71 56
66 23
35 74
98 56
96 49
81 17
80 25
92 15
2 84
7 7
2 30
66 53
3 49
1 67
34 11
18 61
89 84
60 9
22 79
28 27
61 51
72 36
72 9
72 6
65 33
70 28
7 81
11 32
60 15
69 90
19 27
99 18
64 98
5 5
61 69
91 54
54 53
36 97
9 51
74 95
87 57
87 21
34 86
40 81
38 52
17 62
69 82
82 16
65 1
49 13
77 3
34 10
68 85
96 83
39 60
94 16
68 29
72 71
19 22
80 73
2 35
5 65
97 68
8 64
48 33
58 83
48 59
51 92
46 27
72 41
84 28
66 46
13 8
87 58
24 25
0 30
9 7
92 78
70 38
42 59
17 22
92 36
23 48
55 98
64 72
62 14
69 30
93 84
93 40
58 5
26 24
5 98
71 33
81 13
80 44
7 18
70 43
64 31
14 10
42 95
90 50
7 55
87 59
68 86
36 88
47 77
50 99
70 65
0 4
38 21
2 43
29 13
45 77
74 42
11 67
72 88
74 34
68 60
23 94
56 37
90 41
84 83
38 86
45 8
81 6
40 69
57 57
38 12
35 44
15 68
58 47
23 90
99 89
37 16
46 12
68 69
54 16
13 43
1 60
86 72
21 71
94 87
71 85
20 24
1 29
35 45
13 97
86 34
77 59
85 55
99 39
18 19
70 26
75 76
84 68
83 89
6 58
1 77
84 47
99 50
11 45
51 37
42 45
15 20
33 63
8 46
58 11
3 41
83 20
32 69
16 33
30 87
87 62
98 60
77 72
29 71
83 61
81 87
6 84
17 58
19 91
94 3
40 11
36 3
1 85
1 26
46 40
59 49
77 41
49 19
85 60
21 3
87 52
27 41
4 35
13 0
22 77
64 77
6 4
7 33
78 16
71 92
78 52
90 15
80 76
29 16
59 8
33 37
61 17
53 83
65 21
86 30
85 14
75 86
91 76
20 83
37 86
6 54
52 65
36 61
40 86
17 82
27 77
67 49
32 60
97 70
13 3
10 20
14 97
56 71
8 16
30 22
99 93
56 21
49 2
68 1
15 79
56 63
55 92
81 83
79 31
76 97
79 6
10 2
46 72
45 47
59 0
42 54
1 43
86 37
85 95
19 57
80 80
89 40
18 60
56 68
60 75
56 48
69 98
97 7
28 74
30 38
33 15
26 25
13 87
46 34
11 66
86 38
19 32
50 83
11 71
56 26
16 8
84 16
90 90
18 36
83 94
84 54
37 79
12 4
95 84
88 53
51 83
45 9
70 45
2 83
7 8
77 35
8 65
73 35
23 99
50 33
59 69
14 33
0 0
59 36
36 29
17 15
23 4
80 60
69 94
22 4
38 6
60 24
87 45
79 54
38 3
88 78
92 81
67 67
80 98
25 20
24 73
10 47
42 41
59 14
81 91
47 8
9 74
27 63
7 41
50 19
88 80
28 11
36 67
21 35
55 95
81 72
36 92
15 48
29 19
54 32
84 61
17 37
74 96
53 10
89 81
88 52
37 36
79 22
64 97
52 9
48 44
88 84
60 11
63 10
86 27
13 92
75 46
57 25
33 75
4 96
86 79
92 85
85 49
46 79
85 38
69 60
7 40
11 73
25 6
5 14
13 66
69 75
69 5
29 27
67 93
48 61
11 3
57 41
39 91
15 75
72 77
27 96
82 23
68 96
22 68
11 96
44 92
73 22
26 89
40 91
18 7
45 97
82 29
49 30
90 34
59 62
15 25
71 66
58 58
6 57
75 58
24 50
28 14
53 45
40 70
12 40
41 49
82 91
51 4
64 34
93 72
95 92
86 62
46 21
11 62
23 20
80 3
87 71
50 63
34 54
46 2
54 56
21 99
34 97
75 8
65 22
51 38
83 16
66 19
67 15
44 54
20 53
73 37
13 52
83 60
86 9
38 84
22 80
58 96
41 12
3 70
43 95
23 5
30 55
49 31
64 39
11 35
49 97
66 85
78 11
83 85
43 53
43 88
16 73
64 69
64 91
11 64
38 87
35 83
76 36
4 98
30 94
74 70
6 49
96 48
50 80
68 37
46 48
5 61
35 20
34 76
14 37
37 42
45 10
77 62
94 48
12 31
9 78
91 91
36 19
7 46
9 92
8 78
26 78
27 56
2 82
57 8
39 3
99 22
74 27
30 90
2 98
48 98
12 59
46 49
34 65
0 66
37 72
30 32
5 40
46 1
97 65
90 37
66 61
2 19
28 70
56 0
98 86
74 55
55 60
41 39
96 77
22 39
39 61
24 90
96 76
37 75
50 85
64 10
32 97
83 97
94 54
56 89
52 59
64 23
13 21
24 29
46 35
96 26
68 4
9 85
60 79
64 73
92 44
75 77
9 1
14 22
71 47
40 12
45 41
91 97
21 69
90 31
25 79
49 76
76 5
3 19
8 80
80 96
84 84
87 3
60 43
70 90
34 53
58 55
89 74
64 2
10 95
20 76
44 38
47 49
89 56
70 14
58 64
21 39
94 82
35 40
28 16
80 84
57 82
4 14
14 27
6 80
22 90
67 86
0 8
70 54
20 1
82 60
72 39
66 2
1 3
68 25
16 31
28 12
69 64
50 97
27 90
72 24
86 64
59 13
38 30
14 17
1 69
0 46
23 72
21 31
63 22
87 14
1 50
4 43
13 19
97 17
19 74
2 7
98 79
9 98
18 22
74 74
11 9
6 47
69 28
21 18
91 61
66 9
67 36
93 29
54 5
46 96
4 52
70 22
60 28
90 3
68 33
1 65
4 39
22 67
35 31
41 50
33 25
9 47
70 37
0 29
57 38
47 13
69 1
34 26
46 69
51 8
97 74
96 89
47 86
74 50
50 11
85 41
40 49
90 1
96 73
73 30
7 52
42 49
43 57
72 73
25 14
9 60
3 78
62 69
87 17
63 63
60 5
21 23
38 7
61 85
63 9
73 87
29 50
15 38
37 92
93 26
14 11
20 11
70 89
63 77
44 39
86 86
12 62
58 15
59 6
64 7
98 38
56 32
20 47
43 49
62 20
4 1
80 89
81 79
12 70
36 56
37 18
62 66
89 6
85 84
80 81
55 28
10 52
34 58
59 54
2 52
49 11
15 73
42 64
18 84
17 40
84 14
74 46
78 74
67 13
23 24
18 30
50 96
30 80
43 73
81 77
7 66
80 35
64 47
3 31
44 3
62 99
21 86
90 27
1 91
51 53
91 15
38 33
58 95
40 32
54 10
79 21
78 9
40 33
78 30
19 95
12 7
11 55
79 80
11 23
34 14
63 69
92 79
74 85
58 73
83 37
80 16
7 75
41 71
0 32
96 66
7 59
96 74
43 13
74 7
58 20
77 82
81 16
97 43
31 22
85 43
82 87
36 22
11 30
83 47
87 36
71 77
78 73
15 44
82 93
68 55
65 38
21 88
68 78
55 4
0 67
57 19
80 58
70 4
47 10
60 57
87 77
33 2
50 89
1 68
43 70
42 21
43 11
68 81
51 14
19 49
62 5
3 1
85 67
62 29
10 27
57 54
62 97
41 14
91 22
3 42
34 85
22 56
33 50
9 17
52 55
0 33
2 20
41 67
78 47
60 25
77 88
55 61
94 18
29 95
60 64
90 21
2 57
60 80
54 84
87 22
16 47
65 15
45 85
43 29
3 69
74 83
13 95
9 42
14 57
41 97
38 44
20 91
67 71
76 91
52 87
15 95
57 17
32 35
72 94
97 36
30 79
93 19
91 67
8 0
35 61
0 92
65 71
19 28
1 98
54 30
1 75
9 80
89 26
88 76
4 5
68 41
72 97
66 11
45 5
3 22
26 64
45 32
84 57
10 78
5 50
57 73
65 11
10 55
67 80
11 27
69 77
29 45
2 28
17 83
63 33
2 29
9 62
91 92
96 78
49 8
90 0
75 75
2 25
55 89
50 14
61 13
82 73
19 66
80 34
59 83
24 47
75 84
45 64
13 99
59 97
7 79
19 13
43 69
22 93
63 99
97 73
35 32
74 14
13 46
35 50
37 54
30 15
34 95
98 75
70 56
2 60
71 62
2 59
95 78
97 82
28 58
33 91
34 48
55 80
67 64
12 85
70 53
25 33
38 36
51 18
66 91
82 88
75 36
25 28
4 63
96 10
75 52
98 63
62 79
95 47
33 82
73 41
74 61
16 70
84 72
93 86
12 49
93 80
49 5
2 49
97 71
63 35
39 72
2 56
25 69
37 69
22 42
62 78
10 23
37 4
56 87
12 18
9 88
92 0
32 62
5 81
25 93
42 5
91 84
54 37
30 64
57 37
2 47
83 84
29 26
80 56
49 77
5 68
29 3
54 95
51 98
33 41
66 63
45 94
8 74
72 35
70 80
26 73
28 55
24 58
84 45
64 42
52 32
14 70
82 27
87 25
43 45
38 55
24 37
58 43
25 72
33 36
40 63
50 41
54 11
93 7
46 7
22 45
20 36
8 56
2 70
27 98
60 19
39 88
54 98
86 80
23 0
35 49
17 53
13 59
49 54
18 88
90 67
27 37
77 48
21 4
16 64
32 98
61 9
53 22
84 58
52 23
63 89
15 14
82 96
30 30
48 57
4 94
48 42
58 61
58 62
77 65
75 78
55 91
93 30
77 29
6 28
87 34
56 13
91 75
60 10
70 39
48 85
67 59
26 30
29 15
36 79
60 74
39 56
80 10
22 89
14 60
60 71
27 43
42 23
57 97
64 8
38 41
84 31
14 9
24 16
38 14
70 42
7 84
56 42
55 3
25 99
37 19
65 93
6 81
75 24
99 85
63 43
3 26
43 22
24 49
48 46
7 43
94 43
36 99
61 11
74 6
78 67
87 15
56 65
60 67
37 23
0 62
97 88
0 76
48 37
79 43
98 26
6 3
36 54
76 46
59 35
45 60
84 55
75 90
81 81
45 98
52 73
85 3
65 36
2 85
94 57
4 15
35 85
3 27
62 73
16 63
86 55
64 70
95 49
0 19
73 1
48 30
99 47
28 22
99 55
51 52
45 55
7 2
7 83
20 8
27 65
12 80
19 47
32 57
50 84
11 14
46 24
8 75
52 53
92 7
95 40
14 47
93 33
99 51
77 58
15 18
43 51
1 2
47 98
11 98
74 79
23 35
46 6
87 32
30 75
60 46
15 70
82 21
3 12
20 84
48 96
80 68
41 32
85 15
56 95
3 95
69 15
52 85
56 5
20 50
36 23
63 45
89 22
60 45
40 10
84 38
65 80
99 36
72 98
62 53
41 36
75 74
88 54
32 55
95 10
85 16
91 16
7 87
8 15
35 94
3 45
93 36
76 86
84 66
43 52
86 77
79 79
70 47
54 2
72 49
76 71
44 88
11 83
53 18
80 62
9 15
64 68
80 95
30 35
97 84
34 22
17 1
74 35
4 67
92 84
44 98
97 1
39 6
31 60
77 74
78 18
23 97
57 47
54 31
16 20
60 63
24 32
28 3
90 93
34 87
69 46
99 41
66 55
23 38
45 88
4 82
78 35
95 29
5 48
82 10
89 20
58 3
73 44
11 24
23 56
97 25
78 63
3 32
15 85
17 66
55 15
12 6
63 14
46 83
62 46
22 62
28 87
59 48
87 98
35 17
56 6
94 60
97 62
99 66
53 85
63 28
64 65
31 63
55 55
76 37
70 23
68 72
4 66
85 78
75 0
73 23
68 28
39 57
6 26
66 95
77 11
76 7
98 41
93 49
37 17
94 80
28 30
26 27
65 75
32 17
42 10
27 51
24 63
53 8
46 95
55 18
60 1
79 17
21 44
28 63
6 69
48 50
89 62
20 18
41 94
39 30
75 7
52 16
36 89
35 9
55 20
81 85
1 74
72 14
77 20
3 73
25 61
70 97
19 17
39 54
55 46
64 40
72 82
54 42
67 27
60 55
52 89
19 55
99 16
0 13
67 95
80 87
96 54
56 66
78 19
34 9
82 78
99 62
53 17
5 31
94 33
29 10
6 32
82 72
56 30
34 80
10 32
16 27
61 49
3 55
81 92
33 71
63 88
42 47
40 50
54 39
50 23
38 71
69 39
95 88
24 5
16 15
78 81
49 38
5 95
43 72
35 53
62 57
82 65
59 5
56 24
28 77
67 57
49 29
83 79
98 44
76 67
25 42
63 26
50 94
32 20
7 64
5 37
23 39
63 58
55 43
92 64
70 74
67 79
9 81
53 48
84 70
4 40
65 44
16 12
44 12
91 5
96 97
67 23
15 12
41 20
29 64
53 89
24 97
94 67
46 10
75 47
25 34
42 6
78 10
70 40
47 72
14 20
56 20
22 71
5 2
16 42
95 44
16 48
92 76
89 39
62 8
19 87
6 50
95 53
83 3
17 75
90 42
16 19
63 54
12 79
58 99
27 23
73 39
53 78
32 37
34 74
16 96
18 52
45 54
14 78
24 61
46 19
49 12
25 77
32 4
22 22
96 32
52 68
88 11
15 81
56 97
73 29
6 72
96 59
47 73
23 53
32 36
73 81
73 89
55 30
1 27
94 9
37 7
21 12
31 26
4 64
83 7
27 17
86 7
24 12
66 86
62 7
44 34
97 20
39 66
91 74
10 68
12 41
52 5
89 87
65 48
10 75
41 86
86 61
30 65
56 67
26 29
95 74
31 79
75 23
44 52
96 68
12 97
72 55
65 58
97 96
72 46
16 92
88 35
40 92
23 75
74 94
35 60
78 43
63 48
37 26
31 95
77 6
38 26
15 71
45 18
51 57
30 69
32 85
20 20
59 80
46 28
9 56
94 27
72 89
31 39
76 74
92 66
62 47
19 88
21 32
14 24
16 81
90 33
71 15
11 19
13 69
0 54
83 23
99 34
57 9
23 67
36 17
49 92
30 92
25 85
68 18
53 88
85 63
73 21
78 36
58 41
38 49
20 75
18 27
82 5
52 51
99 64
65 27
72 5
6 82
50 52
21 20
33 10
94 93
32 64
51 64
41 44
58 14
73 6
71 65
9 2
63 37
60 76
33 47
98 29
69 26
84 59
60 68
9 4
40 19
14 85
49 33
27 94
11 2
83 2
81 84
84 96
71 13
58 85
28 73
39 34
96 42
99 2
77 70
8 83
19 8
43 39
6 20
83 13
74 38
34 60
48 36
83 52
25 73
34 19
77 55
65 2
60 0
29 24
16 82
48 95
5 57
58 40
16 35
25 91
42 36
78 28
18 89
18 67
92 58
85 64
25 13
31 54
87 90
49 4
40 18
9 75
78 65
28 33
60 54
9 13
74 69
59 57
55 14
75 83
46 62
15 80
29 77
43 58
50 42
42 79
68 36
87 53
41 3
80 74
84 93
3 4
85 44
70 18
84 7
49 87
68 67
49 56
1 32
46 61
53 26
72 15
24 14
49 40
47 88
81 47
58 50
1 95
65 87
71 39
26 50
88 26
57 70
50 98
18 78
29 70
72 38
87 95
18 64
35 76
19 56
57 96
97 30
86 96
97 54
36 91
2 23
49 6
77 69
69 34
32 96
12 15
47 65
6 11
45 29
77 66
63 61
23 45
56 56
67 29
81 27
44 56
82 42
46 56
90 56
49 35
8 49
14 14
50 86
57 36
82 85
48 19
60 49
71 23
10 92
89 7
28 48
6 96
66 79
50 75
11 63
58 46
5 9
34 91
52 18
15 17
35 63
39 15
43 23
23 69
75 49
14 15
9 59
24 1
57 23
42 32
25 37
13 67
61 82
12 54
71 53
96 25
3 2
76 63
78 37
7 92
18 54
62 89
67 91
7 13
41 56
77 54
39 13
19 97
69 21
65 20
8 81
92 87
41 5
76 0
53 80
62 4
0 28
53 58
22 52
19 5
56 74
19 54
79 59
83 42
69 96
49 42
54 38
54 35
73 52
1 86
52 38
65 53
57 45
34 64
43 81
79 56
87 76
47 24
96 13
56 35
88 73
85 73
59 65
75 91
66 4
20 12
29 94
81 41
30 6
18 43
63 25
97 72
81 40
71 51
9 5
2 16
89 99
61 26
32 42
34 46
47 11
5 83
60 32
49 93
56 80
66 67
35 90
39 79
34 63
32 8
36 55
33 29
51 26
14 28
14 6
48 78
87 9
51 15
88 87
20 94
62 93
85 4
44 27
53 42
14 76
72 18
71 32
2 64
81 36
92 96
52 28
89 17
81 99
66 82
65 66
50 59
60 56
77 33
5 59
50 62
63 86
73 32
92 97
30 82
65 37
74 31
3 20
73 98
6 14
61 12
36 51
2 2
35 42
24 4
1 93
19 61
53 57
13 2
75 2
15 8
50 17
33 3
12 67
78 17
7 57
67 28
32 32
47 54
23 12
31 80
5 7
84 15
25 81
42 94
64 58
73 53
82 58
68 6
25 75
15 39
90 19
41 87
97 83
69 0
15 83
64 75
99 48
93 48
60 95
35 54
7 22
65 24
5 70
90 78
24 77
17 39
11 16
16 44
63 56
52 92
76 53
98 42
31 53
65 40
7 5
58 24
87 72
70 1
94 72
31 58
54 70
39 43
64 21
19 52
75 5
88 92
48 94
3 68
94 20
77 18
30 76
72 32
20 2
83 72
44 16
71 37
97 58
41 51
29 93
30 9
45 43
37 52
32 44
65 51
43 59
6 9
23 96
48 66
6 44
72 11
44 72
42 56
66 42
91 89
85 80
59 18
76 35
51 33
55 51
94 21
24 68
94 89
10 77
84 86
70 10
34 73
6 99
37 25
42 11
32 12
28 56
60 53
99 91
99 17
75 94
21 83
95 30
67 11
99 92
4 86
8 70
95 72
48 1
42 2
44 45
60 27
29 5
83 86
36 34
98 59
64 24
55 16
96 39
38 18
61 40
81 82
71 41
31 16
57 84
86 91
19 77
2 14
15 36
44 77
22 27
64 84
24 19
47 63
45 3
11 10
19 45
96 22
57 50
32 6
49 17
24 17
52 71
22 21
92 42
6 60
69 61
67 61
29 86
10 28
67 1
88 65
12 16
30 47
68 27
71 70
89 8
96 19
25 19
17 31
69 10
59 34
15 1
43 80
62 25
99 45
68 73
44 86
26 39
90 17
32 27
27 99
60 44
83 4
57 46
76 59
59 87
42 38
89 41
79 98
25 48
39 52
92 71
7 98
86 43
24 56
28 90
32 91
39 83
76 12
78 39
15 37
31 96
82 40
97 19
26 12
55 9
95 81
69 37
95 65
45 58
57 67
83 8
12 93
59 77
33 64
9 76
40 94
99 71
84 10
92 94
45 11
11 82
3 10
28 96
96 84
16 74
65 26
19 11
36 69
44 37
87 43
7 1
8 6
74 73
33 93
30 34
70 96
31 32
72 99
90 75
8 92
32 49
93 43
54 77
13 60
71 82
67 50
60 92
75 53
76 11
80 83
83 39
22 15
39 63
51 94
90 5
88 42
97 92
13 76
76 87
31 31
27 72
6 71
25 66
6 78
98 12
32 67
84 94
44 68
85 29
47 29
25 40
98 99
73 62
67 3
9 44
13 58
78 75
74 17
28 78
3 25
14 44
67 48
17 26
86 18
34 45
71 49
51 13
18 68
69 91
75 12
34 39
55 13
87 20
13 1
40 82
92 99
98 8
42 48
80 32
38 67
6 90
71 43
27 58
52 47
63 47
82 36
91 63
14 3
55 24
56 70
96 64
17 92
43 77
37 15
27 21
92 77
37 78
83 12
98 93
47 70
93 64
71 61
67 92
2 91
49 75
63 96
96 53
60 7
33 6
58 90
17 87
4 21
56 58
36 50
0 36
73 38
93 55
50 49
69 23
64 46
48 73
40 96
81 29
80 42
22 75
43 65
1 41
92 28
44 79
54 8
90 71
99 54
91 14
89 44
60 36
64 44
79 3
34 70
17 56
75 16
88 49
76 58
69 3
22 61
50 48
93 47
73 40
32 70
58 23
15 11
3 13
79 34
73 24
56 88
91 29
76 18
64 80
13 41
34 16
88 1
60 4
49 79
20 81
63 85
53 84
52 43
66 83
55 94
35 79
31 86
45 74
23 87
10 66
35 13
35 39
96 34
94 68
25 83
23 31
94 29
96 11
65 68
14 19
50 61
63 41
35 84
32 58
36 15
14 89
61 99
36 80
57 0
17 64
66 70
25 62
93 82
99 86
67 25
7 82
33 92
95 97
4 7
99 14
47 35
98 49
43 47
20 42
8 34
38 77
49 65
68 57
0 58
59 59
14 68
28 81
24 87
59 9
4 28
26 36
3 43
86 48
41 48
66 74
20 72
53 19
13 98
11 11
21 97
20 80
95 93
78 77
17 79
2 21
77 90
94 50
85 8
27 15
20 35
82 83
20 33
28 18
39 23
84 41
89 19
55 36
11 89
73 19
73 5
9 39
34 7
92 31
81 63
70 77
53 1
74 91
17 48
64 57
37 55
76 17
75 6
53 61
2 5
58 74
71 11
35 18
84 92
24 9
34 27
18 24
21 2
27 60
33 68
6 2
98 57
79 37
40 51
94 30
71 12
72 25
18 57
15 69
29 78
54 46
94 69
89 63
40 46
77 40
70 31
88 34
66 16
91 49
4 55
21 51
95 5
42 35
22 31
55 79
48 88
66 77
5 76
97 50
83 48
71 50
98 85
99 76
92 47
98 10
29 61
32 3
38 22
94 15
95 95
54 85
96 31
7 94
26 43
45 2
74 45
0 81
81 95
9 31
74 19
24 21
96 21
42 65
88 40
50 18
81 37
1 23
97 64
19 40
2 72
39 24
31 29
75 35
1 22
30 25
43 93
53 91
75 4
91 12
23 18
29 38
53 65
61 34
68 76
66 32
58 19
95 7
93 53
25 23
72 58
0 71
98 96
34 68
27 24
26 37
42 69
71 26
58 98
91 72
98 89
36 4
78 21
74 84
89 60
42 34
32 47
14 87
93 83
29 41
92 17
86 6
54 80
80 8
21 59
52 41
93 96
34 69
14 39
26 21
8 29
59 38
96 62
18 72
94 78
45 13
26 44
1 55
89 54
15 49
19 48
37 1
37 95
28 61
4 84
34 66
74 86
0 74
59 44
35 16
63 13
45 93
53 76
31 69
26 26
51 82
56 99
83 59
22 44
21 43
5 27
21 26
15 46
89 32
14 40
87 56
47 59
50 39
7 65
5 20
52 22
88 51
95 21
33 19
73 43
36 6
37 97
40 35
12 39
7 11
24 92
85 23
14 36
66 29
83 67
40 60
66 69
23 42
2 62
94 88
27 36
2 45
59 70
9 91
14 88
41 22
20 23
24 84
94 73
38 32
42 85
55 57
81 26
79 39
58 81
14 52
71 46
41 92
31 85
62 90
35 3
73 67
9 82
84 62
61 73
97 33
86 78
0 68
85 46
69 14
15 60
83 24
1 96
23 22
44 9
40 16
65 10
31 11
77 51
5 93
5 86
33 60
35 55
65 34
12 64
10 11
69 52
15 47
91 28
27 25
36 21
71 79
44 32
77 63
83 19
71 89
2 15
72 34
91 8
41 26
66 93
50 76
76 4
64 0
56 86
22 0
70 13
31 24
94 34
42 22
81 22
63 30
63 15
20 78
2 39
37 85
13 40
17 47
94 35
35 28
28 19
89 93
41 90
88 59
41 76
87 87
22 47
70 29
26 33
90 58
31 89
7 88
28 79
85 91
36 40
11 6
4 41
25 29
41 61
10 48
20 6
87 60
69 62
10 37
27 52
21 16
9 37
65 19
75 54
14 98
70 86
32 16
48 6
7 26
34 31
89 0
41 9
66 60
95 73
15 57
97 10
36 12
8 19
10 81
38 38
78 70
30 71
42 88
97 57
62 39
13 56
3 9
64 30
10 42
48 92
28 92
27 38
18 40
32 77
31 97
92 38
3 79
4 85
33 56
84 77
94 96
93 51
69 50
19 93
19 86
11 56
0 89
56 84
94 7
72 70
12 35
55 70
61 91
55 97
42 12
29 18
36 48
50 67
69 76
80 70
98 19
52 56
52 10
20 77
69 48
73 16
29 23
41 17
62 44
41 31
20 62
48 24
40 44
62 50
58 22
26 58
2 24
13 90
59 73
80 61
52 64
21 6
88 17
96 46
71 16
72 87
26 79
86 42
56 94
22 13
75 60
35 47
92 14
55 83
38 9
91 34
12 45
16 32
35 36
61 8
25 44
42 80
52 48
98 80
8 41
0 15
61 1
52 67
71 91
28 2
79 4
66 72
78 26
79 49
74 0
89 29
31 83
47 3
38 70
77 57
12 53
79 99
7 6
51 24
49 88
41 23
50 20
88 22
92 23
89 42
83 33
96 33
73 28
95 98
55 74
99 44
78 22
65 73
67 96
77 83
5 4
13 79
12 47
31 10
12 92
4 42
37 96
58 37
53 20
68 44
14 95
70 78
12 81
34 4
8 35
70 61
2 9
22 95
54 67
65 92
36 18
62 80
1 10
83 22
46 94
18 13
8 52
23 76
13 63
46 78
61 46
16 17
2 50
55 85
82 33
60 37
51 62
58 75
1 58
81 3
65 45
45 44
92 67
45 78
67 62
49 51
3 59
84 97
49 3
82 75
84 13
8 3
69 40
76 24
69 73
72 68
67 37
89 23
46 43
3 91
45 86
89 25
82 24
26 15
22 87
16 0
47 38
74 49
77 8
72 20
85 37
69 92
52 49
37 8
91 13
7 9
52 17
31 30
9 21
27 27
46 9
19 92
89 61
21 87
10 72
18 21
59 20
70 69
97 29
99 20
71 42
6 75
96 7
48 87
2 32
26 92
66 6
62 74
59 29
25 98
6 97
91 46
10 10
67 56
40 3
45 21
91 95
53 70
0 85
14 67
44 19
88 15
53 53
86 13
28 94
67 19
95 36
87 65
9 64
40 99
19 0
39 22
50 82
46 50
56 7
17 44
74 56
38 17
26 5
77 49
57 66
92 91
15 78
54 82
62 92
99 94
23 85
59 67
75 37
22 60
7 71
59 79
38 51
91 96
31 72
63 7
86 1
36 58
86 65
43 15
92 43
87 75
61 87
98 66
19 99
12 71
82 84
13 70
64 15
19 38
12 75
66 43
98 32
88 94
18 49
0 86
30 0
0 48
4 27
79 20
78 7
8 26
33 48
16 88
93 90
53 72
17 93
90 43
44 2
53 69
16 89
45 24
57 59
39 29
1 15
1 82
21 79
12 37
99 77
56 16
85 48
36 42
28 39
91 73
16 13
33 22
26 68
22 49
54 27
6 13
13 83
52 86
36 27
17 13
99 49
83 57
