200
300
3 11
17 5
2 1
14 6
18 2
17 19
6 16
10 1
9 3
14 19
18 11
6 7
4 1
9 10
16 13
19 16
0 14
12 18
12 4
19 4
15 17
15 18
6 5
17 9
14 10
0 18
9 12
9 11
5 9
8 1
24 28
27 29
33 37
24 34
26 30
27 33
36 20
31 37
22 30
37 27
28 20
28 25
29 38
36 24
34 39
39 37
39 38
30 32
38 30
21 37
32 21
33 20
36 28
21 27
38 31
25 30
32 28
25 37
29 20
25 27
51 57
56 46
53 57
59 55
50 58
52 43
49 48
41 49
55 51
50 45
59 43
42 52
43 53
47 52
52 48
58 45
59 44
53 54
44 42
41 44
53 49
49 53
54 51
55 47
57 58
45 50
41 48
40 41
40 46
58 42
68 69
66 63
77 62
60 76
63 63
71 61
69 60
71 60
65 73
64 64
79 62
72 65
62 73
78 72
75 74
64 63
71 76
76 79
78 61
73 75
67 75
73 66
70 66
71 67
74 60
72 77
69 71
78 60
79 65
62 62
98 94
98 87
90 96
94 83
98 82
89 90
94 98
83 87
89 85
92 99
91 90
90 93
82 94
88 83
99 87
92 92
82 91
90 85
97 92
96 88
83 99
83 89
84 89
85 85
86 98
80 99
84 87
94 82
88 95
88 90
115 108
117 119
117 105
108 111
104 101
107 119
103 110
102 104
103 101
113 114
113 105
105 101
101 108
110 117
114 109
107 113
101 110
102 105
118 103
109 109
109 114
105 118
117 114
108 106
100 114
114 112
110 118
108 113
108 101
105 109
124 120
123 127
136 129
129 127
123 136
132 136
127 128
139 136
126 137
126 133
137 126
139 138
131 126
139 126
130 129
137 124
122 134
129 128
123 125
134 131
126 127
139 124
133 136
130 134
122 139
131 131
131 139
123 126
129 131
130 128
158 143
141 144
155 143
156 144
150 140
156 155
150 144
147 158
159 152
154 143
158 154
152 156
155 159
144 151
146 153
151 147
156 154
144 156
156 156
144 149
144 143
146 152
156 143
151 154
143 155
148 154
152 151
144 148
147 152
142 143
176 163
173 178
172 165
167 172
170 162
160 166
177 173
178 168
164 164
172 179
167 176
169 170
176 166
164 168
175 169
163 178
177 171
168 164
175 173
162 172
160 161
176 178
174 167
167 178
179 169
179 170
171 177
169 161
166 161
166 166
188 183
191 182
194 189
190 184
199 181
196 185
194 193
185 183
198 188
191 195
183 197
191 193
193 180
189 184
183 187
188 195
196 182
199 188
190 199
182 186
199 193
193 183
189 189
195 189
185 198
191 184
185 184
181 186
199 195
193 192
