100
200
12 33
85 11
3 34
4 36
38 19
53 15
20 14
14 28
49 72
26 56
4 67
96 5
88 64
19 71
45 24
15 7
30 10
71 58
77 27
74 84
92 49
66 68
95 10
23 13
16 28
24 9
8 64
90 80
17 51
29 95
22 47
11 49
4 65
59 78
68 55
40 29
29 31
40 43
43 32
51 18
71 44
80 3
47 89
33 18
44 33
46 76
43 61
47 67
52 21
98 4
62 98
31 63
10 58
45 31
56 23
29 34
81 76
22 98
75 90
19 26
96 34
38 54
66 82
6 14
26 67
77 81
1 97
67 1
86 29
37 37
98 25
37 63
17 72
18 65
42 97
44 69
90 69
1 44
36 51
38 66
6 25
59 4
52 98
10 50
3 16
64 63
33 58
37 93
26 41
62 6
0 6
98 30
9 0
49 14
27 34
26 61
39 3
43 59
8 62
37 4
92 69
40 15
99 36
45 65
91 83
94 82
54 86
14 67
80 39
98 69
15 81
72 45
25 67
73 80
71 94
70 81
53 75
52 72
62 17
46 31
63 2
42 41
74 96
30 36
50 4
89 30
81 93
21 10
70 65
41 51
49 64
30 15
69 2
56 2
77 79
62 45
49 83
72 89
20 47
71 31
35 48
44 55
36 16
34 21
79 28
5 87
48 47
16 24
36 83
48 84
86 76
37 81
63 83
25 5
79 39
51 86
50 16
73 91
73 37
31 49
27 60
70 68
99 97
35 2
57 57
57 30
16 82
36 90
53 74
15 38
31 24
49 1
24 10
85 29
18 76
87 32
77 12
14 27
77 86
34 59
5 86
54 74
13 82
8 17
29 47
81 71
36 57
1 69
54 18
91 89
77 5
47 49
16 16
5 72
8 28
11 44
70 54
84 13
31 1
34 84
