29455
17415
76078
75022
50107
80313
83094
29481
2006
76333
86730
13269
88084
25350
40575
53122
67307
66253
65773
723
24733
60791
18301
27819
76161
30461
24559
64218
6278
98935
97489
42705
21884
41818
64062
19971
29004
19635
87149
45242
72395
11801
56902
507
96926
72070
9967
11397
3583
18556
63557
37135
9684
59882
91055
99451
21766
73713
15415
39678
91338
85414
76437
7850
65885
5921
34369
71571
1781
31119
42050
96296
74666
93024
82038
16895
61149
85664
11010
70093
47556
20313
80058
5558
49962
70220
27790
8987
15425
80599
10389
36514
10505
20062
70992
92078
95589
60066
61324
73338
