79424
75813
35154
28402
75726
79341
82348
59301
5650
1388
86386
3667
93056
31050
98442
20856
35408
72293
95432
9377
71735
49233
32831
5819
29047
7023
25613
96411
31780
727
54369
11765
81467
28013
98501
8184
18257
25724
51197
69567
43127
54940
34238
8656
71247
50976
67964
59310
8195
57948
42046
90390
25630
14124
6501
59240
5629
13260
78728
14698
80525
81400
86510
23861
88357
89607
80790
93430
42622
22781
48696
89807
41636
97150
46055
94101
43705
36509
59192
15760
56394
61373
35920
59400
70186
9014
77998
28718
98075
96522
49045
19067
62426
32740
371
84176
79445
79614
91669
16647
9665
52681
641
28894
74123
36634
84319
86272
30967
91050
11289
56829
3463
25526
41275
74842
92588
97492
91647
24222
93295
73399
86247
56834
6850
87772
57802
98462
96051
9650
6545
56668
91150
33958
51470
96293
85598
93358
94096
16070
11283
5641
73317
48420
49228
85246
3243
98934
34064
4871
25537
94017
54580
83108
62683
57754
48394
71949
7567
12141
64030
67102
6623
75224
71075
81367
85534
89555
48418
60680
28127
95215
34852
61462
57796
32997
6184
99094
53566
15320
41374
71394
38197
48505
32489
96393
36417
90911
85751
40708
77693
33704
74432
6679
47308
96814
23797
83573
96934
82296
21368
96553
74900
3185
77143
96361
84094
58613
5303
69362
60297
40225
55750
54915
6834
6476
77628
46491
58921
91113
55585
15696
75489
30671
26749
37544
34839
97262
94435
32906
71600
20602
34115
65305
77013
44146
69621
52614
88221
6712
60482
20881
13345
15295
68684
23277
97578
79457
15538
87722
41842
36885
26550
69283
6969
7172
92132
21141
1142
10544
96607
65149
17294
72003
52457
4628
76222
96836
48768
63325
72830
50065
24517
35530
60864
27467
7927
21128
20941
17262
57711
21057
50705
80426
84875
6061
70297
87007
72228
87116
51589
15677
31695
32612
62230
40330
51745
61555
27454
53356
17165
93966
39321
26089
3676
14768
66675
20324
66109
66936
97502
74097
45255
12811
17193
5733
97432
35116
76292
36624
59617
99124
89960
66780
9007
29191
19591
69553
39398
1934
1946
92630
24996
54129
9272
17982
22714
24569
61255
96903
6996
81243
34576
29095
76249
37538
50994
91586
44161
31136
71325
40151
79389
96738
85964
77665
75743
47550
95375
49515
18347
56201
44120
91475
60185
87801
36323
50486
98312
58694
18432
96315
16747
38059
52648
46947
68688
73110
20163
60086
23843
44674
70835
2785
44769
53700
10090
22370
42601
60620
3506
44786
57942
51644
3969
71530
12430
80452
67212
70605
84574
86157
86592
45242
84613
12201
97616
5868
50764
68124
3835
6777
20746
23904
99172
91354
60726
5272
83521
38350
3330
55264
43729
36207
43102
59324
43372
43657
92745
48639
66750
97735
5478
90642
23589
76885
65897
39326
66569
85438
28686
72109
98714
27282
69435
62592
38121
14474
86154
74581
57670
35391
53757
65257
57722
51593
74250
62100
73067
7642
50434
92810
8976
60298
61505
52180
24729
76812
8708
93800
49694
95328
26116
49785
42168
40353
4918
3359
29290
86110
4073
95498
86604
8516
63088
1762
59994
44758
53618
93272
82290
61924
34292
95391
43161
62004
34506
21513
81199
30233
69599
7194
99557
40005
49028
80411
31949
87755
23690
12595
75770
87468
12853
43933
96404
14668
6280
14289
50449
10451
72358
16481
16827
9583
86658
90243
14706
15242
10784
36688
78098
35046
56902
48118
75200
99374
33481
99058
56003
34813
71924
37987
94189
93188
63952
54506
26453
84017
15204
88865
41945
16559
77634
80224
50055
40493
35928
45973
79154
36792
51022
54006
6511
6091
87577
91886
92018
355
85422
98570
46298
96744
85195
77504
44640
95857
91597
56381
77544
34753
29280
10244
73715
96745
17688
19014
80438
3985
34662
36820
73627
40627
33727
98163
74107
32945
30731
1477
18653
63893
83100
50334
86648
35518
65970
84042
99472
47417
44651
89192
23824
97713
45326
41703
46738
78534
85285
10402
72112
59521
51570
64918
50059
19969
89544
4419
57876
13602
53973
20425
1933
83284
72521
54502
40998
80402
24553
34004
98915
60625
30512
91455
65618
53281
92083
74833
81044
56632
57215
36770
60163
39539
70221
92237
18147
34803
56898
70555
23169
42880
59656
82776
89255
82416
10016
40065
5680
57404
8491
97961
27507
40122
42923
21087
21953
89799
20708
71896
12114
49165
64207
30766
40443
66380
53051
88100
70709
6520
34889
54793
23536
76348
67152
76905
97083
4689
26863
47381
83365
8200
3845
86871
3724
6519
46616
61112
90930
43223
70899
26908
9749
17099
93220
63972
46567
41825
96509
5538
32820
43524
89616
36594
90451
58371
3751
68118
16680
65076
22441
5070
13300
80327
65889
88531
8928
41689
24518
97821
17364
35570
30100
18962
7723
28015
21390
67672
88037
4854
12926
7310
87573
38148
22573
86526
80107
13199
26814
20285
56946
11995
67372
78734
99602
95599
73119
99779
51759
87577
56787
76743
88479
56585
65114
13318
61634
14008
31169
58990
65946
2485
55069
31835
72814
73746
40711
66932
72293
34680
4030
45634
73308
98201
44145
2221
56210
59527
52738
44248
41808
94197
16340
60463
68846
19406
69395
95671
914
67124
34551
2295
12327
74950
59403
33463
64916
10963
99744
77146
66418
78005
89757
5379
17814
22304
83451
25321
36921
72960
54309
21277
99660
84303
97848
95362
23804
27923
3985
33618
56023
17065
214
33593
19906
4035
98917
1938
94136
50924
8122
42525
19259
67815
52594
57081
95880
83367
70203
78805
86917
72870
40323
5528
19915
92578
49479
32133
949
27719
20559
82099
32090
8062
90783
42371
19568
15320
16530
9257
58169
57574
6765
1266
65293
8088
96537
17518
71905
1924
60231
39958
98018
78791
73992
72207
89425
90137
69343
84134
95956
24008
66803
70264
98418
66431
69712
34593
30956
97746
82294
84825
63951
52241
47615
31016
43935
99823
7045
84355
68953
71144
92922
8821
88561
23727
85263
12833
2163
78561
50761
81515
14709
5703
99864
29895
7914
43577
42804
23028
44273
79465
18424
61774
46173
72519
13044
90075
21367
32206
23425
52342
2361
51753
13572
93532
30157
40128
74537
99458
35865
4978
5589
87961
57092
85379
23442
35972
13298
18660
57218
21883
41314
66114
61199
48266
50600
86988
63092
44231
23681
18456
46230
67454
13970
27437
68217
25048
29963
33216
5960
79130
90684
36184
47385
11111
12430
66347
36100
9322
50102
3020
19087
95613
95382
66729
23603
64338
67954
29575
81339
92842
43543
89512
9894
79237
22030
93813
30597
29513
25914
50271
53145
20164
23349
60609
27320
80747
29213
85142
28289
27474
9294
10508
54416
94647
91586
27258
92916
33436
60458
99496
49595
51885
89034
85838
34998
9633
98995
53955
56902
27796
99944
55605
42552
35607
10582
1670
64804
67745
6531
29747
52990
81154
49105
1315
79390
75860
99929
94941
8181
54149
78948
73377
29600
23865
51936
55523
26110
80948
95878
28322
25252
95456
16371
15240
98872
92224
53852
2126
29508
27565
50752
23556
54041
67453
81405
50074
57728
99912
27509
1694
21149
42548
25521
53378
14647
75358
88779
8117
4064
85895
22878
62041
18739
36306
20582
7275
12103
58149
69723
87215
18180
4238
68524
33202
71492
83579
52929
92433
79011
40228
84841
61140
85804
49647
13403
18342
17092
20718
44171
90905
21337
38199
34468
16667
93151
82476
11738
43912
47472
36152
78511
92076
75337
88982
50938
41412
82670
32038
60304
23790
34455
1963
26398
9719
84040
39488
60953
10468
90687
73192
16691
13828
49115
46587
60483
32039
68000
65034
18289
92184
89409
63277
19866
84534
7008
78455
32342
42782
28555
75937
56
95059
8320
32026
40762
64619
83261
97203
45370
3635
76314
63980
94898
58555
22392
8101
41333
40170
93995
32218
5053
53466
69470
41979
19950
92043
71209
24896
98887
66352
71251
75236
12207
24248
44325
82859
89993
40422
54692
1606
37438
29569
88298
6151
14109
71043
43626
81423
32908
7132
12935
34688
97170
80496
91512
1615
71743
88392
16917
50656
24193
61912
47382
21168
44193
36785
1014
17942
54873
76111
43672
52771
34360
89306
6125
55909
45894
47458
41938
48565
73018
14255
73201
91594
17266
19789
64384
97744
78696
22197
88083
53087
49021
31554
57183
23264
61249
90749
39277
36935
51881
69015
38659
32603
46371
66998
25881
85872
42274
3081
76785
6210
20567
76427
91836
25988
16759
77916
2726
52007
96117
46237
40936
87917
28495
83990
37286
74738
97429
37263
57575
83807
7269
51947
43448
42091
81931
89999
69308
12464
57545
22096
7152
2146
80267
78668
48099
41488
60604
83810
14444
34248
66912
11379
80116
2792
41024
21021
11185
24425
88772
60640
95128
73172
5627
34053
17824
87094
1098
82981
36457
44073
88760
86990
38938
86143
61031
43403
88719
64268
74246
56424
71054
36560
72376
35516
34252
80520
68494
8869
5260
59777
76615
47274
17103
40791
22289
91584
66010
27791
90156
35198
60359
25999
53168
76890
97898
89601
65387
15650
23431
53241
9586
74824
88131
4495
12744
85538
22572
3485
91009
12281
55583
52607
61497
32040
99781
81034
22548
88334
50010
76562
97200
37418
73755
74519
21447
41687
48231
45393
27164
65392
99145
21002
92771
76490
27302
75195
85963
20544
30020
35794
65453
10051
75289
33396
36984
7454
94313
76551
72944
14763
25547
48463
620
67369
27951
39253
96425
62172
3578
65417
52177
67385
96478
13544
16609
42370
6175
30229
57186
43095
46138
42394
83137
29295
7736
46120
98284
27396
93518
38408
73336
6945
71049
98551
44679
27825
25873
63370
83578
24499
97444
73109
56637
36428
25921
63837
33084
66941
61388
40105
44773
49779
14634
8806
42091
90389
61291
66342
26068
93217
2195
61382
13738
12638
46324
4440
85644
47665
75965
3941
11134
744
19629
1807
35475
90821
17508
49769
83836
19235
52490
70483
86558
74630
84516
55199
50277
75664
65342
47915
69471
94864
33544
7170
76527
48092
80127
66592
29213
68340
52564
44334
22452
72589
48511
52570
83733
69566
96701
75615
7889
49016
37571
77183
69523
794
47771
57109
38516
23124
70259
84676
5855
69715
90654
23037
23020
14671
26611
33645
49208
13555
16273
80336
24403
40097
79988
35164
59660
85993
28095
18308
61273
14546
93940
25689
91642
29592
36248
43036
39402
34594
43079
28599
56836
99830
70473
46682
63961
16299
14865
92093
53194
52305
51041
56132
5052
97671
66820
30235
72815
54624
60711
35657
38852
86086
1267
97584
66784
6206
83939
92419
21280
39454
95782
73271
6938
54498
12517
30670
27782
18519
10816
54331
32250
53574
35097
65920
49268
12020
60043
6639
96745
51191
26575
65371
69985
77633
10864
58208
16
62222
77736
91003
41056
35485
34599
58355
81353
2363
44846
75987
37665
1458
61057
66099
53324
96808
83622
12451
85866
41843
38350
70684
71244
663
19407
62633
98199
45169
10301
15291
56767
74434
72584
61166
50900
74408
77892
91168
19528
86087
34512
72810
80850
68762
59818
52904
12106
33191
9490
10718
2154
29596
67439
88578
37661
23114
327
19878
26865
89399
45137
41525
34516
84380
65562
80377
85879
71166
30827
38549
30014
50084
92520
60
51365
2634
13115
89813
67170
33225
98972
87859
70909
97600
7425
20832
91092
19808
22379
12131
24953
59671
93763
86173
99150
39582
77299
74922
15612
64277
49676
3558
67697
53343
14971
52839
21423
28075
26906
62486
33229
96388
1842
24008
71586
73624
25269
54702
25291
99227
67352
91683
89871
43724
12016
49086
3516
40622
38002
98099
4587
93952
24282
82356
28319
16942
56264
63066
59699
3633
30525
10728
30897
86976
93828
89387
52232
76198
25926
78527
78301
4545
95428
56081
70307
96948
95135
3334
33501
65218
87642
29512
52148
7275
88750
23117
54457
10640
81157
9801
43683
80270
59356
69408
18825
83867
95379
17061
96496
53468
30175
67871
23460
84471
95059
68777
36953
63317
95398
22470
76798
72965
55072
65150
82347
92888
74109
94007
29155
98821
20815
88892
15573
16507
94547
99700
95087
82037
47546
32873
49916
75206
1802
7717
14411
43867
22137
40241
53622
56878
3392
83510
12596
53882
59948
90801
31134
68097
8306
25426
43814
86202
31499
79147
46249
65449
27198
28607
72867
98828
35883
1109
70844
49039
79571
72896
30027
58296
52225
54675
97204
40548
17279
17711
20663
99775
52240
877
24854
27540
70814
90515
23063
33473
67433
45728
16933
90337
68800
99700
17712
23655
82180
49819
21151
99822
74121
22756
67831
92133
20854
91948
53310
48400
60737
50307
4379
91268
89775
67940
85779
71854
67222
52443
78049
77185
1897
11851
54328
43546
93907
99633
14027
89387
50830
74581
68552
35497
35676
23172
32138
17181
46838
11928
33094
45751
49394
3336
63487
75274
5792
11408
74308
73553
5229
35579
17854
26694
39468
45970
89714
25409
66052
51883
83251
34094
38785
57904
71627
91581
73549
43995
12752
95349
67676
48680
1802
66729
42555
65149
79832
43144
50541
9720
59720
91473
6445
76958
88660
55845
89360
99879
82401
75022
35897
62458
93590
8674
20318
10826
89365
96278
42144
79007
50518
94584
4187
67984
6817
96205
39781
38757
42327
47263
10236
88858
14480
3857
36360
3961
22163
54424
61181
26253
71504
58617
67581
91561
65701
93279
19832
10705
64519
71271
92401
11292
30201
12167
33301
83188
66966
71048
96173
5628
38663
81151
38117
32807
99876
88065
51827
77397
18802
51326
58738
85585
79686
63465
68204
42374
59870
55731
39769
59646
29480
87373
94590
70914
84241
14284
77866
16180
99292
45588
71460
97121
64435
81870
96831
4793
42344
6474
84674
42902
37072
34802
48794
56859
34709
40852
25527
99683
24779
54957
30754
37375
38684
80349
72731
10193
5932
87688
27320
33279
44563
81919
73565
8892
87528
63000
78124
66050
80268
69362
12671
16850
82514
19656
63705
54518
3781
79621
87105
52221
25646
62643
68574
97528
13829
65521
14682
26567
79070
95037
73866
99431
59852
8862
59298
79449
61964
33622
76631
12494
28285
12107
65094
69371
94
55362
47801
79493
90792
76071
60301
94703
44559
27561
19212
83558
3985
52000
31528
23390
85032
51117
55069
54920
53217
2402
44084
74104
80307
76940
72850
20106
58474
28223
71520
40029
18675
42660
32463
49632
60360
40911
76971
61770
9103
17903
3740
59972
76226
66814
18706
92972
38679
98938
70554
74882
77056
78848
20359
15463
47656
51258
97581
53024
87161
81789
63915
36972
31323
57511
59240
63126
77232
59791
26410
53918
85537
55212
62290
85893
80951
51146
87476
76873
43838
14080
28286
24612
24015
8875
60082
48640
345
7156
79213
38629
56359
69194
25535
62474
90122
85117
16067
84076
14820
41527
35194
24222
70231
78757
62075
9992
28892
45971
44533
80588
62623
835
52532
7747
28181
26161
96795
45163
57662
95568
23063
45020
86698
13025
96438
33556
22063
32440
93645
65373
3367
91991
96329
60691
26370
10312
3424
86098
99441
22802
49489
62485
15275
12941
12873
91378
69939
90742
74704
77965
47670
4431
36323
6078
89581
74492
78550
75491
53053
36393
47124
60740
55247
53036
97756
3696
18946
79170
50510
47141
59616
63882
67155
85117
31750
24923
40276
79979
72627
40203
31241
58067
30771
32568
94394
29772
25530
29859
13437
95559
6847
62371
70394
79137
3025
94833
6053
40828
76908
60520
75476
71272
81622
72810
22134
23937
47676
83459
12379
90874
38261
50599
11558
27549
46404
97436
95991
76947
23505
88458
9036
93552
78140
88939
57346
11367
40158
56094
33035
94985
28288
34719
68278
72608
3060
53533
92693
25117
67636
58689
47435
72656
15525
63438
30277
90623
30087
72148
6086
65015
43052
52129
82286
63151
30035
64889
74177
14343
43993
51018
87952
33087
67722
54637
89808
13882
69624
4093
33924
52398
85582
39498
86548
49124
73823
97701
25418
20248
61091
57418
78879
10411
46003
75380
40999
82865
75334
8797
68814
50033
24453
29148
29217
22024
84678
20160
99613
93924
90352
51301
92858
15202
4546
94315
43984
9299
57585
19606
25681
59269
3824
3938
1211
65501
23651
74696
49733
29673
36431
91311
48706
25456
35139
97879
68239
8559
45258
66077
75429
91311
75308
4832
37999
78366
5953
96695
87845
39232
90182
21097
41395
84310
56638
8560
44274
1944
93556
87546
63844
99413
64954
86983
3231
26910
55192
47693
95890
30357
74720
82338
69021
35794
43446
44838
9860
79679
84092
92917
32111
89042
6247
12951
91006
71477
39808
52160
12399
53060
8228
42993
61870
11406
82569
97137
46387
86931
20346
22623
38075
56260
60144
25785
69944
15659
31268
18987
73838
34368
57576
27196
96037
66699
30333
48714
40074
53845
4861
32735
56209
31748
48648
19333
89569
47587
84149
24993
24556
99010
73471
30457
869
25598
65909
80953
65495
67817
59416
73822
86155
46160
69109
94985
79667
32933
6439
36193
24873
87964
82541
71120
78869
94603
88113
70703
66531
72620
99504
15910
59571
49234
27330
32787
84705
40310
87181
20404
46733
27494
98628
78566
23535
79082
71848
27833
13996
34727
80971
93310
32994
6581
66352
65871
18747
10471
42239
1690
55955
7313
64468
23517
99459
21603
94531
1251
97609
65793
47049
93042
77826
4197
96890
8953
53666
20561
64485
72146
78257
74905
51710
73083
34664
170
11260
25945
55426
96408
16965
65809
92249
2337
28141
24742
16183
66724
6222
27564
5755
4169
41863
73570
952
47216
89530
35865
51697
70425
64972
58314
72306
30015
37433
42510
29540
84888
4474
27421
82922
28175
80540
76538
66543
19244
9206
34073
84558
14616
51363
56681
80861
59780
12152
8200
70801
79606
55329
57174
35602
75808
46682
92892
20914
14559
25444
41609
96731
27330
80337
60435
68000
90912
22731
84604
26729
76836
70666
85497
65393
10631
91538
32588
54957
89112
24566
76359
78110
28820
69642
79832
56417
49216
95239
3487
80720
96433
72753
48213
39030
57008
71647
36996
40973
30018
34116
40201
50705
86580
99423
2594
29880
37388
70262
19613
31422
1475
4026
91578
94727
41470
69059
24536
21172
18397
7147
37860
8078
34815
72062
6574
45273
14620
72371
33094
44438
12061
10248
31841
98358
52757
39412
83102
89368
25239
40316
70026
13732
82780
67329
10116
88637
25591
23731
88051
19130
38835
11873
23143
25110
92050
20538
98586
17798
21927
64123
57539
3603
29986
91930
24977
74738
94568
2134
98364
99755
78255
25990
50060
25457
82202
15041
46103
44047
89506
40317
76083
17526
16099
42349
96133
86061
3243
62451
26027
9834
79940
20152
45695
82272
50932
92998
54607
62320
4762
19235
99340
12614
85444
18404
18416
33380
2339
74403
55034
38128
78836
46361
10085
75191
26118
40806
85712
5087
5988
63337
41127
98416
41850
33514
76706
39776
45752
77305
34548
3139
20470
22998
52899
41473
7255
21847
16433
53078
63788
34207
39076
15082
73911
17614
84003
61189
1366
64541
53883
48350
44202
15967
45982
451
22894
36629
62553
87189
28845
41261
62290
57627
58341
3508
46138
90694
35973
60156
89011
34197
55314
16694
97795
53576
26806
65130
57009
13100
54211
85549
50509
68555
11206
27404
71199
17953
6855
18507
79835
20890
50778
87774
7201
46083
5104
8877
61693
75003
74783
34096
19093
79363
27606
40431
72076
25098
63359
66852
34127
23385
99943
15776
25046
52463
44738
35892
69060
12078
69453
20619
71628
33321
90262
89881
72710
92029
19019
10987
61109
32226
37050
21991
80396
98158
20066
34139
55058
91106
7519
34761
43098
87388
27101
55717
84812
70463
10325
61126
28531
4315
77658
75665
80821
31616
20455
90021
59947
558
65206
26229
198
34476
33325
3390
74821
55830
90430
1184
49666
68295
17681
99558
24705
71224
27349
69239
66192
18476
54011
24013
4421
16345
5171
32978
59001
16693
33956
25202
66649
3233
2425
67272
66396
47486
98329
19355
81567
197
48950
70064
28995
98736
96441
25029
14794
12618
97662
45398
87005
27173
1984
60912
97673
84265
87319
53267
43500
98676
77485
88900
88352
33346
24670
66932
66092
61383
1200
33340
35202
55876
43604
71135
6322
71377
26337
61296
16856
44981
45353
62766
35737
31169
10368
13352
26362
15827
28592
34869
63555
25841
32787
18045
27049
86031
8487
73040
72179
55253
10561
24124
492
8277
45063
19713
775
23169
79311
11547
29563
30854
93705
4435
44877
85592
57453
71574
37405
2753
58117
95605
58466
61159
50224
73185
48008
21671
61782
29976
20361
25831
50956
63856
87923
70898
4720
28771
79847
8779
40212
17114
52123
30032
60752
60082
91562
75270
4926
94500
28775
81478
84784
44166
19375
94005
56597
42206
67683
49123
7871
29630
34368
37708
32760
42866
42095
16472
13305
555
3127
70832
49181
24043
56466
20323
54135
18423
4393
40098
70505
94071
1053
28813
54343
62751
82461
86510
88522
73607
1809
52701
5003
47988
73152
94557
95571
3292
59222
72115
37401
16364
65912
25040
17142
64528
84029
79480
393
70220
74435
24967
50717
23792
67445
67625
81176
23067
52858
36874
80662
74824
58243
68367
70723
66073
766
52266
70576
74686
87994
18847
85363
24555
46026
44049
93687
47747
28885
5850
26608
19711
65261
94028
20239
66860
91755
91167
18522
81284
68062
1506
59007
94766
95550
15222
49674
23097
99103
13651
76249
49599
37671
95027
27299
4330
54837
41970
10306
89333
17149
18000
30512
55191
97798
20423
32236
91026
41687
56541
98704
30357
42312
1661
30349
23511
34047
20405
99620
18145
57054
71703
42353
11468
86400
97930
32637
76483
74429
88943
70165
48075
31129
8470
72826
69434
48168
4955
40903
3370
4610
72165
68944
93825
58397
45661
51924
44749
69239
48817
34000
36473
29024
91197
43380
95603
36427
12719
70391
821
61901
22035
34043
8504
13954
81353
52899
69781
69819
84693
61914
26079
27709
30977
66645
97501
51611
69639
27294
60521
56771
94306
78011
90838
98987
63152
86156
66948
41146
729
1667
22723
96218
63004
66131
14222
54140
95467
17245
64172
89044
7698
2345
94595
8413
92180
18494
73840
72238
74249
40711
31571
80841
19599
2722
59341
45524
83761
52871
31020
88232
82218
53218
75226
29211
20851
4980
40079
40504
13485
61103
29616
20285
37618
84153
77485
61253
13662
5278
87374
21278
26744
39451
99928
19200
26557
82029
90672
69071
88855
81943
20781
34012
16448
65927
59741
29448
76934
44512
65758
35139
41114
89327
42702
83944
14785
10241
16752
3942
28287
3565
1974
6661
96300
10307
24000
87096
96244
55353
64743
59552
272
33913
82496
89226
35944
1828
70832
76185
29154
17741
72587
98545
83928
92141
28058
70532
12880
28397
58157
35497
16794
54799
40207
3785
26251
26211
50468
31325
14507
93254
36941
41931
41003
68686
12065
34647
61161
26323
66816
17758
40197
4269
12058
14562
14876
81286
17768
14972
90352
89251
31894
94331
21669
74242
78181
1016
56924
62182
73572
4680
2490
48408
80176
57395
63125
93919
6908
33640
48369
13358
49229
5325
41545
68061
78156
58150
33786
83867
81082
8231
28911
53035
63992
91538
4667
95653
56464
52292
70310
63061
73378
3056
62537
69566
10655
55752
34510
69992
11494
15403
90275
17836
30721
91728
72636
48141
43358
29472
43611
96764
69061
37265
48983
31336
60302
1092
85747
77427
51113
5673
4611
56425
34699
75451
39908
6367
24029
71661
93229
8254
66416
9649
56477
38623
3794
40591
62986
76049
50660
29448
42157
54001
18194
35262
12035
15420
86057
61681
45161
2288
58636
70217
93896
52424
49475
37927
7091
92953
3139
67872
19633
80021
85475
47106
46225
48527
15035
93676
44540
54317
26289
82131
80347
58675
43481
32236
67098
66104
67379
60609
97421
9576
50740
12185
35124
77901
61741
40937
34212
81294
33008
56545
38148
1745
12023
80656
64474
25215
39854
62277
15749
73484
43990
19577
66485
76257
9605
29456
83423
97734
30507
13025
40513
4357
95571
15798
19581
16424
84809
46574
4312
57370
42914
34451
73239
91925
53234
6494
48584
20727
73644
58465
41882
78949
27572
90780
1919
29041
53156
288
11763
37145
96253
13565
93012
72763
32757
49667
12576
47822
56535
13250
62235
10435
57350
18925
32895
26420
68515
32286
65260
80552
70600
99414
82524
81589
40523
95834
3190
21546
42682
18670
95468
31304
80303
33509
48781
18818
12586
67186
41134
34328
92207
51708
84202
12222
46194
97700
3397
96419
82200
56794
94790
18515
71195
49773
19511
51339
95260
53263
90432
54278
7415
15943
51362
506
17218
7515
43857
73036
30336
49031
1753
90522
87888
92729
14504
66127
68437
58061
6049
86880
66270
31885
56312
55968
4860
73361
50764
22904
85205
94073
70159
95096
77015
15989
87269
48184
35865
99914
3325
63334
38652
58761
20671
64325
74603
93363
77911
67150
35811
88551
50570
15573
14790
17933
50965
95016
49963
34130
54611
26058
47268
20021
28742
16881
52046
42261
92864
67822
80438
54710
38968
9687
77810
8297
66862
16661
37444
61557
27001
40020
64099
71078
3553
42490
16025
8337
89374
78431
35927
95808
43660
94230
96179
43672
40663
9233
6330
8766
47655
43332
86760
91067
95292
61722
92309
38645
99039
1978
47842
15260
61715
71326
15005
75178
96562
7739
98945
51375
34406
49446
21656
5096
20081
13456
57186
33846
55146
18288
64986
87994
80617
54063
36496
45277
62883
42771
54383
18241
69526
70175
77232
83205
46640
82025
64454
82706
92169
59666
20789
14007
52889
43988
57069
83561
58297
70364
89404
1929
65947
72208
75868
60577
42093
36702
48115
37285
71542
24798
92007
24464
56325
21426
10957
12537
61947
45785
50007
57906
96883
53210
44275
6550
85057
4014
90875
29204
85145
89194
61330
12628
85548
63313
75552
21710
12115
3548
24605
38124
84695
85101
45175
81230
93011
4188
82557
52678
15302
74239
41188
88746
32520
67193
27074
26199
31815
87264
2366
32677
52255
89465
99234
81208
1775
63112
14066
52353
83902
2623
23085
90279
29529
17578
98416
67559
76982
25725
48362
55343
29033
41276
54857
69556
42299
47043
43752
85681
60494
48916
98922
43936
23908
53776
1437
17112
88182
54398
46505
73752
43898
88999
18638
12302
21822
99450
62547
41733
44881
47158
47112
36182
66647
237
69921
11918
96772
76930
6463
17926
47461
11603
3852
97401
27825
74157
28608
46463
4020
48455
95848
18368
96548
7446
76147
38795
9716
82358
83898
47640
33745
14116
87352
11297
49054
89725
52978
84932
43584
67956
61273
76896
2691
50946
90724
30650
83217
73685
74790
86171
84577
69348
4166
55043
87349
88587
83996
6323
61897
5827
74476
8690
86403
23383
55401
91806
37783
94595
32531
34870
22083
44656
57022
82214
70267
52865
68465
77179
7621
2311
21240
69565
34469
7486
43971
38593
2913
90153
86337
12053
78206
73045
86991
74069
72395
60235
43979
10504
27661
65472
9810
11395
29815
31584
13135
9121
35245
44618
28774
51562
41102
15692
71366
72969
23353
71151
47899
39523
77168
85265
24085
36040
47751
24612
48992
65483
6427
73821
43747
33806
3560
92543
10849
94628
7562
73609
30499
41126
77321
65037
8724
34750
78309
22549
2346
17499
83644
16795
54472
4625
92440
93827
37732
54438
21389
45262
64551
14334
96111
7521
37803
20257
70857
56755
40276
84023
79468
35044
94187
25612
2420
30814
70093
14415
11435
50866
81655
56375
18786
23826
90280
82138
15629
15499
88285
43242
51486
97864
75853
93419
78503
66339
43511
23272
23845
69181
82284
58869
26052
72195
50375
1564
42558
82032
65737
86644
95179
20728
46138
42257
79900
61692
60461
50466
54964
47280
26888
42776
85320
25677
83310
78953
62685
62348
2201
30938
66938
60627
93071
96045
31644
41351
60877
56794
92404
97797
73176
57414
71271
41358
32135
34636
41235
28240
6957
17205
89641
70914
14050
36841
40160
11448
22503
67485
778
18924
38141
25849
47114
1109
97258
49971
37685
76289
65989
45014
85232
24386
32313
38473
36165
34431
74904
92841
82321
74256
41689
91529
76118
69501
31005
74501
60158
26585
69456
77248
58236
73598
79059
36681
14462
60336
96215
96437
85948
49395
88871
85032
32637
71562
48688
68430
19928
24755
80963
2886
67858
20180
32478
3870
86006
6545
71155
27387
29572
31321
43267
9608
78679
34461
18080
6935
32272
2922
4810
74539
23205
40259
88333
67898
21274
81165
31128
90098
89020
39856
18512
28437
46891
92944
31387
89551
77023
18223
17207
16333
16413
44950
45268
92072
21552
16495
36880
58070
42071
25153
22775
22729
81541
7186
65971
90233
64680
61430
29110
31723
64558
47348
69624
5965
80464
18279
60793
45509
33637
45018
39938
87745
74596
37027
56086
73448
15115
7585
85150
57354
58381
15830
63394
33347
5621
66167
3029
60205
78569
58318
37518
55952
7098
39472
70675
19516
65538
95964
58695
34225
70202
95246
12913
9958
3760
41347
39540
99310
62045
22038
4140
42936
16467
89299
37328
1338
60982
30081
38768
77797
94726
48027
1448
8455
88946
90311
43799
3001
61676
29045
8344
25247
33400
77512
37583
44192
80051
90165
3087
24747
36599
23838
8396
20963
51398
84858
76408
1015
47507
75415
87371
34864
53690
55573
65114
67681
70663
2463
78558
81507
12561
33040
47331
15781
61001
48276
52086
6506
12298
48301
22679
51411
61556
24895
74285
2963
29126
37927
47089
37880
64825
75636
37584
97574
15888
95616
36953
6391
37358
25391
16431
92788
67493
81708
56577
22464
48784
61079
60666
3553
19761
13860
11179
8693
3861
92722
50079
96070
39203
82624
68545
98385
55587
95549
50867
8935
62360
62064
35450
75964
28750
23936
90076
52649
26960
98232
40458
73679
54975
56167
75734
29912
77291
86255
55655
55197
18238
51362
97233
86595
61831
37729
75413
40112
35625
9685
63694
82456
33931
45405
88618
33600
99087
59737
57837
4117
65604
1430
5886
91281
40623
38456
79936
88856
93251
72695
93275
92107
69075
17094
8893
65412
50164
18205
10771
67791
36116
51662
30289
8607
52280
66316
82897
56536
49275
26968
92819
47544
18713
815
65193
37173
21527
64411
37081
72425
78692
83577
90071
44082
1958
36166
53656
58395
32318
7781
5900
67335
42985
28127
22181
72223
68712
28681
45868
31015
49028
174
11951
3799
7881
79215
98739
49219
71429
51556
47006
69876
94348
54613
64822
34346
86644
26177
19538
12895
66089
21940
32393
40517
5533
75565
9097
10065
10575
11558
81736
31914
87248
57759
6465
90986
71666
49203
34752
99520
20709
77888
60620
25938
36720
72210
33293
10282
47522
20676
76419
45803
94706
42749
64361
9694
16594
34940
66898
21388
915
23541
75040
95984
63865
3151
90778
85459
58344
25008
84675
66663
3952
65469
38965
13094
87034
87310
48130
36617
62747
49318
85215
5178
86953
27719
78990
32119
592
71161
94360
76261
62454
84948
24840
24094
43499
93147
62350
24955
51487
51161
96607
256
24720
62660
334
20527
83995
63933
1081
7528
88917
61483
91984
75323
54106
82429
28052
22856
52357
97120
52618
49986
73505
36220
55966
89779
37599
71511
48306
11686
27602
44613
83590
5842
54292
34572
52487
51313
75593
1173
97591
50420
71081
38244
39129
82865
14496
25418
98332
85588
2112
42098
79300
73702
4636
90731
28967
59339
81282
18445
47971
91181
71268
66155
53888
15551
23197
30445
44859
76319
31123
102
30852
36693
97397
93992
12357
83324
7790
73992
1952
43432
61608
69078
43865
17715
57985
7991
22820
71845
1423
7557
25792
6265
97215
23892
64390
70904
26122
59301
29209
77652
8974
89183
44707
18520
51006
14735
40483
93006
7005
50023
39755
54254
29821
90328
95048
23708
21858
1550
1015
10507
82315
90264
8159
53359
28744
402
37149
33212
75592
9979
27180
26216
14107
87620
9663
37514
82369
65726
53873
28042
4485
89200
38916
24565
91411
44422
75887
5529
68745
69747
98560
63189
64066
56526
28370
55380
24590
94205
88676
39119
59065
75502
24495
95319
99613
11949
55594
57607
18498
49571
41455
30920
60746
93940
82244
40253
37104
98952
32821
44309
59925
60959
42660
95652
67258
7884
14703
99089
11925
6711
71735
26968
31074
95573
44983
18353
35757
2159
61394
23582
98251
81094
34525
9104
130
63027
13284
40453
26772
75903
39449
56110
46672
3021
98412
92970
93590
23949
35843
445
90477
1436
56676
10469
44670
45521
13950
20637
6873
18540
14000
21680
83646
11093
9338
91611
33031
91272
57291
52647
23905
49388
46632
29446
1280
97318
12039
14858
67960
4984
78642
48950
26638
11330
81117
15268
37097
48168
99217
22717
9490
33123
43362
92226
95611
50334
34140
84556
86147
80543
94627
18462
31594
83516
91151
10219
35659
8888
82678
70020
18527
17871
35774
36865
38095
33290
58013
48999
63567
93255
89676
74040
19088
13982
80664
58656
32380
80817
54893
28659
55038
80364
12947
33672
36785
9730
66375
14238
78960
1197
71187
23520
74725
58759
94919
77787
67272
18958
36197
86626
76732
93080
88789
78607
13372
28901
79977
598
40943
22228
41481
57185
23142
92735
49589
92954
65662
6194
58426
35353
72575
99605
7849
2554
85324
22077
14543
54114
61975
12952
72713
17032
55797
86780
40461
87161
73601
45882
18777
35022
22313
60395
25641
69241
8368
75258
48272
34839
35543
35227
51770
37269
9994
84654
82016
28809
95770
2521
8068
30496
30549
71226
44121
96841
90701
92067
83073
25203
18425
39025
58672
26761
11758
8049
47754
95925
77939
37192
81765
55337
90552
24206
67514
69025
77624
26361
81909
5721
95191
57526
195
47819
13721
40832
89316
9470
85125
4615
85968
62410
77561
66704
23725
1925
82787
687
22659
10178
86000
4392
29612
26557
91187
40300
63150
79701
65463
67056
4843
31018
55928
77518
51942
13512
67669
76964
6172
82803
43867
78815
1627
81313
52208
75666
27438
12489
16129
61404
58898
31730
27404
56939
26354
17504
36340
82825
96753
97339
73001
80850
61305
87300
31635
7175
26078
9182
82983
24262
54110
34746
69214
29102
63858
8185
93779
29745
77241
34014
37408
41587
36586
84341
70320
38344
779
907
92938
92322
38431
78820
22487
52981
23178
63863
7506
43805
33760
14712
64447
48272
3930
65338
49712
91949
34667
71085
51893
23440
39295
43262
11599
46708
69645
79929
35136
46061
64232
33531
68022
96310
81247
48469
47527
3713
34146
66419
55309
8016
81852
34756
1357
35763
20622
4268
46903
79488
56423
37901
65109
53753
70220
77621
66442
20861
41166
45371
2622
28833
92194
40172
72543
79814
7238
22966
55642
86676
21502
74693
5951
83053
78290
66296
99627
17159
14405
84104
42945
34261
34605
41585
76201
3990
4281
66492
74548
16575
14690
32329
17853
31155
48242
69680
76813
75360
42220
35474
39012
44395
28612
46953
15554
52996
45783
3175
52749
39933
49795
26349
89537
35971
2121
7444
30786
8242
38924
69834
39379
68573
13756
12827
30007
30785
55017
72061
83446
20956
95345
70899
33851
21148
60508
23498
57234
81774
78676
60438
42044
22886
31832
38935
705
61995
17121
20073
40175
10627
35056
96294
63987
33317
22250
40385
54971
95025
23296
99237
28046
40258
24838
76449
27446
88976
92021
39883
29047
17414
37326
21919
44256
76248
43982
83468
82459
86811
14514
33291
17626
57691
99323
73158
45806
27787
12550
5907
95982
27695
32897
69636
80071
64330
67563
29908
59729
28237
54664
10354
26963
9948
50039
69475
92730
47845
71480
11818
30969
84639
53979
47129
61346
85973
68620
49418
94011
14898
75116
13789
5539
95291
60577
70005
39624
31616
6350
56423
74292
50280
28584
59911
12802
45245
23195
9404
80972
59383
95544
73356
73428
58787
72804
77240
25220
15540
68956
64184
37232
7379
65112
26411
16519
32095
87704
21661
56093
82184
92664
48396
68850
71600
15319
61215
60114
37952
6483
27852
95197
16982
76236
14591
57340
97259
99455
42121
40997
16899
72208
13965
24671
20755
70885
9053
42969
78925
63959
92819
1980
37112
33558
18117
5823
68748
58701
45597
17177
77170
61855
26992
61757
74230
94484
97477
38266
812
35350
33094
49207
91285
49972
67712
97468
7114
88965
37339
3583
72414
80768
1449
80247
82342
47075
9486
57232
41611
80046
53716
10683
86376
14893
21900
77658
376
28197
87083
44963
59552
75825
27633
16396
19273
77821
39356
12214
21124
59230
31702
91211
65647
25085
18464
64407
77812
77677
25343
56963
66826
13248
53416
47421
15791
66186
85090
81307
29764
83029
73980
62370
73537
94949
77060
50665
49396
59838
69068
40087
31922
3782
75533
73001
11168
70977
37393
22164
21990
82031
18281
58473
60850
18268
54485
63173
59689
51834
78555
9872
10138
82347
63076
48597
16994
73675
50947
26981
14149
40558
99062
79567
6239
33737
76892
29722
85060
30930
96209
97070
25867
91988
7516
3392
31545
63246
68157
64525
75601
31432
82299
79007
85019
69439
52610
73602
85977
75049
95367
28168
8295
97352
34790
24379
44747
75438
65705
44615
97230
2308
41666
5188
51334
96402
13954
87538
46392
63462
97315
54850
18147
20799
40933
92479
96601
87738
25775
60788
85978
20167
39385
7416
35420
3872
1620
20676
26446
44662
86045
5282
46556
778
56132
9222
9023
24899
18959
92680
75173
82750
48753
24734
53952
68296
52928
90506
56395
78558
75203
99540
5804
62296
79628
4895
47286
51833
66434
92863
24111
27176
5883
94335
2953
19604
97523
4697
467
24973
48936
11145
22422
21660
51619
63620
6920
73401
45849
56828
79393
92430
28969
11282
83117
30040
3833
82327
40855
7724
89291
60045
33641
59423
98663
75152
20203
56468
21
3220
62129
34998
21394
87268
17763
90597
92144
9542
96765
2220
28922
35336
59810
49507
788
82742
83010
92917
29752
45379
90259
29692
80480
64625
56585
75045
74191
63244
45100
79882
90356
56651
87115
35600
52459
58911
47720
29762
7543
54441
90937
5863
50393
50728
65938
70441
27869
45016
93780
9178
45583
71730
38509
53659
2905
15220
28075
98000
55321
67467
85869
19523
3047
26942
66477
64989
7702
41879
15943
98121
11739
15388
51675
11675
99828
76338
48110
40222
62092
87064
17799
85139
25528
21083
62562
75210
33792
66319
86138
92185
8919
16032
45393
43298
81758
82961
96211
59270
1183
89434
46718
35981
30786
11401
13783
30594
35935
96640
78068
31839
96542
87445
62164
93339
56173
60824
34552
81111
73695
85508
62827
92338
26767
27084
93409
48472
79356
74731
74801
74562
22718
21538
79829
51136
66819
73172
80235
8524
54423
27766
75499
37012
67187
65336
87903
89723
41230
90301
84614
36520
56357
43884
28902
6107
10630
66706
37584
97373
24578
59403
11903
71312
35
21965
66287
14900
81298
41995
36679
85822
47722
68633
22781
11953
89902
92820
51284
71458
81610
33043
67544
42922
84581
33262
17802
86055
24369
79088
60494
98228
59989
35706
28038
91945
34269
68131
97292
16607
98791
62609
89717
23944
15540
65934
21490
15241
41297
98080
9284
96470
25536
23138
32065
99826
64019
70372
86186
93230
99606
62458
24404
16330
74157
71852
86788
53294
60951
1499
71191
77283
77512
30332
29599
6101
17522
979
91725
70874
7278
99899
54496
34957
81375
77862
39934
71945
80826
73264
70036
83973
60549
7940
67263
73274
93154
36543
54163
91754
6068
52657
14288
77672
98865
5187
87320
15309
91571
49507
8381
74137
39291
63725
31836
17413
2515
9276
3184
52042
80263
58744
86741
9823
23848
74712
20259
75427
77788
51362
56229
85592
59077
56556
4399
22672
14351
75668
94266
54414
7860
74342
72560
99442
78968
2237
74215
9674
60253
71483
60199
34261
11055
88831
74229
89695
81242
24338
774
65681
98161
30563
29195
80076
48188
36302
41903
27000
89827
32441
87507
87061
53000
17256
20265
58975
29864
33997
9778
61846
68578
28820
72950
50769
78114
23345
48295
66599
87210
30030
36276
73489
27602
91508
39475
51163
81964
42029
6236
19132
29285
99191
28974
31390
14946
24781
26449
64086
94624
24044
62558
11194
20715
97002
30536
50070
81378
49481
11219
73331
45405
25017
88952
80979
80195
95390
7781
79567
17662
30696
50173
31513
77619
68023
7770
68620
62269
41169
29627
50576
12172
3161
35226
87954
67439
14331
96373
10901
32381
97476
27080
70616
42862
12022
22971
26866
56644
35480
37500
17421
96761
89567
91169
13801
79322
15746
42657
14127
78883
83843
77731
95348
96784
49357
16590
28712
85792
96594
15878
35842
3982
37413
10882
79894
18711
60732
92219
78740
97456
98934
79093
66748
43904
53902
85855
54762
21655
46408
62232
66956
51458
44796
81784
53005
95792
12092
56916
95717
51458
31464
41298
60126
51308
30701
7828
42551
75747
20153
71169
43548
59927
49175
62345
95346
74637
2020
67370
23662
26984
77920
29121
12542
55776
28370
83827
21419
84088
78886
43646
71357
34152
84788
10104
43430
7938
57406
98549
64601
99287
99333
24263
52538
58824
99669
96163
49306
29510
19584
48699
73417
44157
22887
19606
42439
27504
93366
35409
92181
96222
59337
41690
18634
83388
10617
62923
85541
84257
65564
52853
71520
85472
74593
96283
93091
15398
97581
78692
73031
31089
29359
68442
71661
94296
95320
50963
67998
80579
87923
66867
30155
30465
35370
9246
58048
87805
44549
18762
67886
68544
28151
37951
24255
76712
3600
54183
92345
99907
59525
37970
59598
22341
16409
53851
42326
64169
55746
64587
44401
62327
71944
44872
34857
23759
5083
96131
76867
78575
73538
67144
44431
30373
67725
12137
72274
86405
4643
30843
76023
23432
5849
13803
12555
6310
23926
69241
10212
45333
87271
20510
88955
25478
99202
66203
46240
86910
32649
81645
16834
20254
93365
45533
57591
94311
6447
19258
81178
55339
22204
34644
85832
3547
42261
22295
13268
6994
3674
53371
16483
25691
54920
66688
50089
12601
52523
45983
66450
4756
94139
7950
38845
23219
65677
21587
38090
51387
47211
34669
66628
46629
89485
12305
64682
26558
49687
55834
50840
44543
91022
93557
38452
85840
49728
24569
79814
10581
8565
82992
79535
45976
62038
88863
76421
58638
71402
17032
87826
2121
96611
9410
69857
7596
47236
32867
26295
4524
58166
409
83814
29064
84677
33419
70616
2235
35776
98789
10755
72515
24027
68716
71924
21730
81912
59875
55558
76863
86091
44450
50566
99530
9963
16473
16277
14397
26395
76203
41080
62846
27567
52862
41842
2077
75841
17873
62982
41008
40928
33049
65619
1290
13709
57342
32647
89694
71850
60776
1901
77731
39816
96192
39483
12270
31059
18139
12323
88649
28612
84732
60778
976
99938
54945
89713
27123
98481
71998
85085
38786
83134
65432
39796
92079
63470
51881
33418
44619
39648
11249
54071
46102
97802
28193
72551
84604
7092
71671
74774
8806
1939
18766
62349
76444
79274
87231
43614
87308
2321
36493
14698
52519
59996
92322
28743
6693
32380
50926
31176
14439
90340
87132
21191
24110
52203
66683
89279
83064
26207
24212
67021
50974
66996
5951
31855
2413
15409
68322
18443
17795
71673
80397
88068
99462
84133
6142
61348
97694
30745
33773
77109
59981
13598
52663
5158
6684
19509
41267
23429
66308
47436
61911
3164
23364
38982
2137
15918
83271
3433
9444
12369
13260
25520
75005
59348
68413
94965
87569
28774
63314
56654
98361
85633
43527
37688
81401
65857
27309
90684
50601
22920
9353
38223
54824
12772
43451
14935
96994
84832
24586
26044
14319
57901
79212
47859
67376
34017
11581
14846
53702
35230
44246
56031
84073
71795
39165
24797
68304
54633
66036
9566
96695
89922
84373
68189
88656
4476
15833
7398
28115
61389
38255
90830
49664
4001
75377
48773
31594
64206
59615
84464
14380
23674
7446
49001
89213
17096
44969
98940
92844
98435
28029
38226
89608
35909
70886
78148
16370
46055
9847
82480
58636
66481
99793
10285
16040
7193
59447
47265
67107
31509
98130
28764
73589
24627
27030
18662
28722
4623
91229
55843
59730
54056
69999
57351
52457
68783
36285
45073
10231
66117
9716
69064
32371
10355
24251
92512
12428
74766
42665
42420
71428
37630
11984
3950
40693
81350
49596
72447
28259
6909
27504
81532
52025
89921
88332
80301
53487
17476
80393
87676
60956
44135
1288
15404
50116
4346
27729
80518
48008
48794
24328
10625
99976
48345
47308
89607
43420
51623
15516
18329
32434
63550
56061
37756
6723
44780
57950
55420
63529
45271
58639
22478
9460
45506
42464
3691
43931
25930
17895
49796
50874
8346
69049
48595
37984
35071
72501
10980
15795
44255
66744
81990
21590
44236
92456
26972
55586
49268
37491
12554
49989
88189
98534
11338
41108
55416
55374
19231
30029
66929
37820
70886
46884
34143
93608
12191
58111
6035
71864
70517
29388
18302
15016
49070
77633
6970
22824
84283
42627
53033
84070
60816
66805
72176
82218
12912
42181
50526
14596
94504
39948
68523
79649
45165
44946
22369
78965
75528
35728
86270
17889
42990
89411
26054
44100
43872
47761
63862
19878
51917
81945
26983
92543
21646
2134
32075
4098
10792
96164
59653
74984
34996
79705
85819
97859
88966
96506
11482
95636
18041
64034
99193
41033
44593
37392
37419
94148
52467
51005
88417
46926
32952
35834
57631
43046
85214
85925
52482
21534
38184
78208
72947
28570
28994
47825
39578
22481
54309
29960
75633
32301
34173
62610
61353
35987
12426
33398
80287
55293
22154
47953
99044
38897
35727
64616
55832
98480
22297
72369
37959
95836
9991
19372
33712
82748
12542
34135
81223
32285
77085
27692
20825
52384
739
90394
2290
7130
83173
66398
70888
75861
31746
18555
22656
15682
1047
89819
27763
55558
10786
17639
72516
87701
87792
73777
7336
16794
84930
60038
99609
30663
97468
42402
69351
27256
70056
78042
96533
99066
29751
64376
6485
99493
68215
15935
11595
78934
81836
67453
47523
6688
18174
31141
73572
14876
76975
33258
50422
34055
62814
4210
63407
27926
77888
15454
59914
19777
86398
95554
69754
49874
23543
93494
72070
8952
63522
22828
35269
68332
30399
79484
64775
44884
4435
52514
8123
82644
75610
95719
13832
41620
35209
68480
83133
46226
63507
92384
97234
73362
98465
72763
94026
42013
97622
34521
100000
78321
20691
68939
33158
97736
31576
2731
63333
88072
94455
62599
46281
16236
96106
17894
96519
16124
94132
78390
93493
22158
83144
17868
79603
51574
80920
47865
58299
21881
41910
18160
10980
72124
57448
93985
59489
85959
37833
66046
92426
57541
84279
32001
69633
14615
85162
20713
42820
83041
99029
61821
46026
9404
89032
576
41594
83804
39013
5039
65385
245
90567
7163
74756
50960
62207
33703
52729
82778
16148
5657
60327
54286
36003
21267
97867
85697
38832
11260
52741
95217
14954
64814
57938
83228
46941
15243
59834
48896
83501
82607
29931
39265
98892
76839
61960
46925
92200
29041
14777
4810
18387
82159
22474
18869
60741
59088
9942
95057
34394
83825
69960
6791
40454
28680
39269
40668
26299
31691
60346
59012
41839
73316
65383
39093
54187
49855
30070
23955
10735
84138
63161
55784
79375
14880
25875
91222
95511
4196
19918
5920
20719
20704
82252
16319
4579
38962
7512
42562
51970
30527
41772
82522
65701
36975
23227
30460
13869
36890
21562
76013
20989
94800
65510
16403
77877
48265
86115
10832
49811
40071
64201
88648
79375
58018
40182
785
72550
19298
32430
77333
39348
96680
71989
73299
10625
38326
35633
51591
17480
4511
73711
50281
91287
42789
20593
85761
92641
96383
85072
22108
54230
92471
71030
23585
54004
69840
14450
65861
7875
93225
47356
47023
26619
87388
76430
73785
89977
28307
40306
470
27600
65419
74073
25902
19800
16960
22271
42889
93185
80868
24088
11886
24369
65041
35489
92392
88143
25934
97919
29644
80566
78992
41591
32183
1032
51391
65362
77757
71244
68524
69771
6482
41886
98669
10066
70593
13067
29196
7624
73278
32944
568
47561
66122
35324
63645
7774
64317
21370
36565
86770
95648
2534
56449
50690
95439
30363
81062
42498
45574
16884
70854
17468
86094
31827
98379
94077
61111
59748
61603
30914
58799
29804
44811
20397
77998
64865
87005
28877
53768
37821
98739
75903
33965
32707
89674
42029
7702
69619
55175
63222
6756
23413
79363
47729
5981
29863
22008
5016
94659
75653
98765
2477
63023
38907
60739
76972
85583
35684
85875
52832
8465
59044
60251
81629
75916
34864
37245
46454
11433
52874
68390
46093
31725
89697
18421
58426
8113
52480
50693
22313
2235
13960
1301
86053
28947
25223
61377
46810
16706
67949
68302
50320
8705
90586
91422
80128
29567
2745
92236
77402
23785
58905
69588
78877
2819
55216
1563
56366
98155
62960
12886
80490
35779
40495
44217
54081
91159
44644
39213
88610
87385
6062
33698
32246
92251
69605
84871
39081
78386
62431
29093
61421
85630
24293
49142
65739
36531
86426
8025
34603
65039
77398
1170
58212
44232
78904
74941
9569
74712
41689
64515
30043
70417
58110
25300
80513
99101
69929
64836
7260
8899
82036
87896
53275
79023
42818
68292
81825
91320
63103
83511
71026
91848
8431
39209
205
31339
12538
53479
84870
22359
87639
27395
36113
39212
67524
31725
68697
80775
99654
84612
96194
15391
4217
22026
19863
86881
53864
80665
71996
13979
45292
85397
77373
1576
13495
39245
96753
54622
54578
30845
20275
62759
83125
34583
72268
82911
33104
87183
76360
52361
28666
15072
51313
6413
30601
82580
51877
6119
23637
10694
92705
32437
28170
20823
30724
14649
13177
74254
10876
41350
69289
70684
66883
80433
84540
98709
93369
78202
87497
62773
66287
51168
67803
5876
79617
28220
86464
57543
32643
85620
87116
55294
94234
68487
34472
17644
24155
3855
47016
48637
64629
74862
41979
20405
97932
10367
40660
13294
30997
80115
82933
22561
38721
63592
87995
98006
66865
85478
39456
61197
85582
64363
52772
43100
82594
6583
10100
61927
7723
87047
3749
3383
44616
19903
6182
38670
4625
4734
45017
1438
8800
24263
15567
49450
84102
91251
15899
72030
42359
46047
52489
51615
54135
11813
64954
85677
41806
80611
7876
96207
45647
29782
12069
21918
17572
67636
89213
98006
21403
37502
75049
80472
3013
21817
11852
9647
82792
22710
27911
93138
52688
28943
97209
55530
23384
27497
66230
92951
16388
77883
36404
11609
72738
68243
34819
56737
90649
66471
15522
44233
36447
66387
62690
80128
54785
1707
68845
58439
72755
66736
23850
36653
14969
25111
7453
90107
89870
92914
13261
80098
54861
56779
83424
15526
11768
10630
23314
32641
91060
35724
32330
62100
6772
95822
5062
63883
50876
9418
14045
6708
32406
52951
6646
35524
5558
70412
19161
91514
24652
81263
28776
93092
3369
19381
37182
88507
74848
57414
26646
19849
73393
12706
56862
43603
66814
49326
11758
34388
25260
29679
87633
18934
17887
26420
4816
37342
99666
35943
4131
37565
47804
87415
20441
44880
81030
65070
18038
4391
43329
90188
23700
66903
19487
72968
57713
33162
86474
60720
99620
27197
35491
31842
86464
80768
86549
79460
81049
975
75811
99841
18995
22605
7286
86440
79620
40029
99289
43659
98031
65833
77689
6388
79249
36431
14760
72221
43931
33479
3518
19177
5572
94683
52474
67440
81951
57257
1851
74729
43097
47203
19276
23043
17761
30406
35361
46476
56164
40810
42255
21535
76369
21837
21405
61810
79614
72429
92548
97085
99952
37479
51904
1690
7016
25515
27172
81958
755
90880
69361
66339
38879
65320
89425
8511
6696
75516
21145
78626
25925
45790
18681
14772
47157
19098
55841
75284
33461
41028
67
55519
86098
37788
15646
20281
3548
39168
12616
89514
12613
5549
34070
19689
57694
82906
86761
71960
8966
35720
87997
74442
31011
83866
305
53284
83781
13743
28943
88105
24188
33380
96188
73550
33819
78988
65402
24193
33906
86656
28062
31112
34812
62383
52002
47261
5673
64122
43931
92222
30340
27849
46229
52942
29590
82958
43846
10302
16523
9625
44282
60647
1295
768
16577
56217
21597
68719
36861
48135
85403
49131
14889
29865
34457
15557
73869
62391
63724
50203
82971
46411
15069
30817
45541
64991
904
54625
20615
36983
98448
20289
33177
10648
79381
94620
64244
21736
88376
65340
53824
72622
33465
78243
2248
22448
51452
44702
31937
72179
88653
71637
80156
43219
25990
61559
46088
53865
44933
9421
93427
71113
93691
75745
39383
18132
73800
95839
1482
78580
47860
72024
41549
53509
81698
55552
20317
72190
76399
58173
17216
62170
71455
7704
32154
318
6754
29027
69652
77537
41990
30613
76897
501
83118
11997
33243
22358
27543
96341
70069
73952
58800
20626
22422
44014
74995
78031
89332
33198
78981
63138
738
33781
25315
96743
72431
55161
67337
57631
35552
70976
28630
95621
86778
6062
4521
94171
70705
97784
34664
44614
69784
21834
39141
90091
49724
13468
4261
39303
70532
76331
55001
81744
7908
1862
45193
65028
94748
14572
1109
9204
72555
83954
80724
90426
20204
18551
95400
98788
48326
327
16491
73759
35515
49976
98276
89520
28049
22670
45356
10744
75881
23453
352
11937
53464
97632
64033
96552
45622
49040
83348
58886
40139
91996
23082
43070
93473
74385
31518
28093
1092
55663
34515
36718
57261
60699
41523
90036
38518
14571
38988
221
34449
48347
29305
4245
43842
87787
16276
46526
74479
16247
90874
5498
30747
77809
69332
25757
5278
14247
71832
96499
37802
18641
62132
37352
67527
82832
31923
21290
77734
46526
80468
36040
77486
11742
60090
55488
84540
90674
36353
43206
88400
26924
71535
64448
54205
76687
86448
88294
934
41201
51725
70208
67455
63993
77850
74133
18583
87020
95260
29691
74953
63087
97603
94616
83100
68492
81452
8422
39878
51665
63980
38855
36092
19071
98202
5777
17790
72690
75247
61050
72183
94181
61080
64665
75690
89129
7311
64739
27166
67140
7423
14124
42699
87903
19175
23561
30212
4518
18922
71278
91030
81616
96699
41263
29635
20726
24438
67728
24168
98255
13115
69354
86262
83992
59535
42258
89047
73004
89292
25647
74624
82098
59310
39503
6374
15836
68409
32614
43477
32830
57946
55616
29467
52108
565
49621
56739
19565
57541
93078
40557
22446
20132
6351
86896
95625
34975
44627
63532
27014
14247
54117
86771
20192
12039
28007
90999
59207
85025
57295
3941
41016
9463
7918
41167
3430
56427
17950
26931
29901
29947
7878
6355
36666
40392
52266
58978
28687
87708
57192
4919
34858
75972
10941
94458
92651
57306
47854
55773
66741
84454
17880
82605
10478
93886
37641
81620
1417
44472
24567
7002
40679
46
25872
75416
56585
32785
4293
21811
49139
41021
44070
9791
60736
15600
24226
61545
13393
98898
78505
84379
99150
61400
12932
31388
47831
83132
74080
82153
40525
43683
29861
50283
92428
60947
39649
5707
55200
95540
19723
23867
44223
95829
21104
20902
24821
88567
40005
21885
154
53578
34702
23313
26093
39862
20261
38741
13856
55768
2126
84478
24887
40636
74574
64296
75584
78355
84470
5483
92664
35041
43554
40647
73190
46513
66899
94929
50986
42722
35373
11854
25529
15456
89413
38839
71185
78071
96736
72946
81175
92629
70661
40499
70543
51926
58538
78305
99925
77694
75696
60176
81640
17641
69366
9389
20169
70966
20158
29843
27471
83424
25491
14984
37653
85159
96601
76797
80724
51886
90123
90060
77909
15869
33520
90973
89449
54554
8223
45400
6064
95868
73777
16907
33647
3981
29471
57041
95175
24445
84847
53065
79601
23339
13888
61832
53519
26863
69426
19127
43201
96843
4942
17262
62729
52985
77459
31559
63524
24083
78576
71648
35948
67642
65360
49204
73382
10811
64145
64576
86565
87068
44828
97543
80558
85676
88833
50581
71533
89575
30073
78732
67777
8689
1320
21431
93129
76201
18549
91126
37426
45494
86053
42056
42530
48378
41411
89545
39471
55718
53856
67672
65624
71662
5739
64380
22656
88306
78704
20630
38974
81484
2362
64061
4179
82864
12475
84436
21706
51185
21054
31567
46642
11110
42262
56472
40518
24895
29545
23946
56455
22458
63681
25483
66094
66536
40704
31687
3164
85998
41176
48017
71147
40260
45629
1141
3641
7134
25757
61934
61602
34658
6677
30470
65031
78113
65228
23697
77198
60460
78954
34586
62351
32729
28033
57854
17900
41454
6658
94545
4627
94607
37742
86050
26616
27016
95286
18433
54
75198
58518
7005
34649
28351
93227
30690
23788
17147
99993
25045
95654
59090
63956
49311
21780
69386
79789
54782
89259
42067
19735
98339
77494
71437
22993
75070
27363
1853
53376
94629
74512
87570
87448
18702
45227
20931
46332
70757
27603
62456
19286
93223
47257
2258
64253
75837
47615
91807
85882
5295
7870
83514
99200
82464
19897
73248
34904
33743
5232
2555
61802
35028
40518
27622
26474
69052
50683
3187
45407
54717
85898
38678
19926
48485
78128
61151
48532
2537
57049
74014
71495
6994
97005
12449
96623
520
78791
60477
89992
88101
56615
55142
66533
73353
52625
52508
84614
54741
43730
45830
67368
42228
15257
71543
14803
52111
23698
82688
89050
78790
4190
25745
14627
9292
296
58487
54710
87930
4257
55108
8631
48330
3222
83183
56521
74409
80240
42770
97695
77207
48099
9086
71772
52356
94727
31625
79364
58085
11796
16501
61872
35175
52386
23244
67589
70068
71162
95809
50799
79931
81217
7869
25148
53588
47055
93032
81102
44506
58666
95675
30278
38174
62393
48102
96014
9015
53465
76674
71106
75989
70708
77224
80726
38768
14262
40182
40423
15851
6992
5177
77426
57343
16468
15822
20910
15280
48804
65127
24615
18696
70558
79109
65270
78338
63747
92993
80305
4548
65223
30690
17149
17688
96219
51798
8893
86007
99137
75502
13892
2413
1586
71630
27327
8763
15158
11085
13577
72562
33168
9003
43002
60451
35841
16251
41767
67892
2217
53855
42495
50343
86926
95958
39784
96161
18362
54339
81554
53776
71335
6153
39537
83243
69505
82560
82143
42449
30808
77640
87142
75463
75409
17663
90192
75395
97633
6568
70768
90229
70638
27297
37637
89109
28635
1996
70049
94465
39556
48732
87955
49840
74401
91419
84943
18698
50704
88866
17025
88532
33765
1654
96125
72334
56791
89311
80572
44636
91516
88924
90583
58784
92962
22902
28475
73841
82730
20461
45333
31649
16867
51208
52976
26627
21338
169
23401
17087
30995
20529
7841
9664
73142
21956
56485
28811
34619
27363
42474
89930
53956
42684
381
11267
92672
11086
80160
3868
53233
5006
28707
27990
97592
53626
79772
11016
23848
6245
10841
51208
63220
71705
21208
43077
33672
6740
66003
4475
54307
13657
2051
71083
73529
16933
38754
10568
22273
92724
89823
47098
84560
75773
78582
51068
50298
31204
15113
77929
52542
66493
64444
1129
30503
92711
5362
41920
78581
48765
8583
45778
98843
89379
52514
93148
19612
78684
3951
65215
35125
20370
5464
62431
31260
13232
21720
70265
47455
70992
46291
22875
2555
19480
40064
77390
26081
95295
26718
71474
65269
28793
74767
6459
18470
12901
58790
76328
53616
23300
17834
58840
63843
61665
34908
49167
42915
3265
91044
8584
63882
4210
41949
10924
70385
27957
46227
40263
6740
43002
80960
56274
11919
37241
81140
66376
13453
33806
68964
43840
20543
57326
79174
71063
34116
79776
10845
75916
94641
11546
88361
77264
441
8825
16111
92752
42802
90315
37535
36667
27521
46794
67246
28076
93294
80754
80954
84281
61959
45284
8051
28917
77293
81759
2373
8410
9255
62568
28693
89359
68335
78283
58625
14348
83180
84117
27344
7423
22292
7690
14010
20516
32744
80199
26416
18639
22673
55108
44357
46919
45379
18148
7033
53439
94608
27057
59128
1737
42374
59486
12259
5258
30833
44304
52640
24443
61793
29836
40685
73574
74290
79266
48246
66208
57079
27456
31119
16138
98502
61147
86704
51236
96586
131
58977
63373
76239
31163
46083
71643
49761
76551
79
9740
72870
66730
30958
2432
45291
20306
89200
29904
58437
63759
65316
18320
96838
79686
17184
72114
15180
73425
2777
69830
99499
76533
5618
44413
20762
41886
80454
45014
27680
68782
82445
48964
15167
48320
52988
80171
45408
19005
54781
59975
65936
44565
81004
15151
58240
56127
13693
72259
66319
38506
63395
96863
58233
88659
9275
6824
24263
54649
69642
37558
29543
55966
91668
2296
6357
98921
83180
46526
43727
2321
70306
29870
55217
26749
30617
92144
36549
10316
23744
73804
11425
76726
73812
65549
25873
72176
89713
63564
20067
63082
6584
86518
85696
84274
86293
5501
21775
52188
47716
85155
12855
90928
95491
52268
73450
80298
23583
91951
60757
69963
18659
10570
46632
98157
6337
96593
52626
98310
56501
37257
93761
97720
67270
55729
47392
37447
22560
31533
74243
2609
6738
36211
38070
97459
79668
6706
96369
17183
78827
56465
36755
76385
68080
26515
74857
11585
83908
10583
32944
49487
58752
15508
62188
50366
94460
27886
90445
63761
38128
24674
51013
32803
1653
61197
75456
51293
64402
90183
67037
4167
29502
60857
57703
67886
71891
69587
57490
49726
20196
45323
7946
98593
29223
92418
40478
6212
37669
49880
62794
69626
6637
40959
43773
46979
92615
38690
80118
3321
29845
7305
68912
62128
79744
19597
37100
88249
72398
11090
65394
44321
77990
22766
51766
11004
28705
2550
63749
17952
29928
27472
95768
38990
88200
10075
94842
68366
63195
53082
45519
1019
24312
45621
22407
13918
76895
56819
85628
80509
44317
52351
47127
76847
33839
79227
76012
83194
15729
78112
4959
63732
42489
66873
90795
93604
46040
50393
80398
38522
30556
53839
96351
43802
79320
50879
89743
12101
25308
66948
60612
710
11833
54548
69307
52117
1446
72079
59793
32698
61527
96319
60213
51500
43696
42758
30531
51778
35268
46162
6510
30779
88361
98608
30556
25040
91886
4964
99224
54003
91643
1202
35501
16820
96704
9184
92104
4737
2250
27722
84929
79156
94154
10170
52389
82773
64648
4895
56794
43954
35693
38684
44192
4799
14239
94411
42360
18787
15336
3527
76973
15901
46284
58782
74267
42666
51176
74983
1499
23766
90155
393
80848
66903
59214
48380
2345
76040
233
29703
88398
99739
70078
53299
44827
24387
22268
59095
3099
18776
45599
21809
24947
75943
74956
76495
49359
82341
9888
91510
4494
90526
29329
12154
7603
84045
44798
44350
3562
84646
41479
23080
79319
96223
52304
31056
35363
20962
8808
45946
29280
56196
83161
21126
38850
79153
54827
18142
51654
2710
82827
26291
16208
78556
33201
72264
98196
64018
46283
24581
31285
49508
98730
97892
42003
97319
19943
54277
19316
74141
48652
3393
23186
9468
65824
80569
28665
74297
31289
43227
47953
10963
55208
49867
46214
95108
26783
13208
96405
54661
53418
26850
83392
55033
11553
9781
93364
51859
66622
33863
94464
88283
8627
39390
22680
59440
53912
54087
75440
34435
18311
66528
79617
84895
80894
276
78769
34943
33461
41298
21190
33761
30872
99764
20188
60343
46820
74762
42675
6120
44686
74027
34984
29690
61181
73764
54468
38964
39498
23954
64532
16322
2141
67705
93204
25280
76152
627
46100
60089
90212
41863
91262
25022
4005
49091
71038
28856
95103
69470
42436
46181
71194
98808
75644
94619
33545
95551
64000
77845
13193
95498
20403
60520
37980
90953
7680
23202
61031
45734
55329
84326
54577
58302
30556
54250
8245
25059
23633
9942
79507
63930
42570
67481
4836
20568
15976
55138
75764
10003
90901
29746
13586
51818
2770
82721
19791
44438
27940
86852
79004
29592
39574
41837
53378
790
58235
73493
73191
28357
23268
77252
88350
61849
4197
7340
87152
30497
18005
78674
69199
89401
94243
66700
38403
85047
52337
81860
52764
93611
23863
84031
13064
45767
72610
52721
51938
96964
33805
16678
86704
84364
382
29972
15004
18721
18690
59819
83585
6514
88415
96128
31859
29447
66851
1870
2323
33059
47681
38542
41777
32932
88818
24047
96546
4479
93738
26167
30927
84346
39550
97856
70260
40712
49219
32522
13715
96158
54248
81152
83189
94484
25016
46154
35056
88936
79815
6750
74930
84158
83013
14262
66293
92789
29453
18502
42489
16966
98858
22904
95528
72840
25484
37813
81143
5283
33682
9905
73714
36226
24117
31988
88291
95799
19204
96997
70194
97778
70494
67635
46000
21020
44209
5464
2357
3936
78683
23720
3510
35059
91526
34360
74446
85082
66346
35915
353
6980
76544
53408
12222
90124
76184
84205
29538
63390
909
66823
54730
73953
51983
15833
12812
28532
65464
25247
69847
20795
77647
95759
89605
38038
12985
