89690
47404
12928
44154
14942
33831
78944
83818
16786
47086
9317
27867
78047
70605
11013
54022
92887
2419
36283
24605
52743
93706
50388
50301
82362
85112
22987
57417
87787
84128
83988
24486
71646
73841
16274
90053
57703
70747
78738
62213
46468
96430
89843
65627
31111
56935
91325
22135
39834
21406
91090
94044
19758
22781
83782
20431
29092
71219
29616
43575
13531
51459
7206
27452
98186
16854
89338
37382
66296
87058
39850
312
17486
98121
38390
17149
4629
43092
43212
68388
63556
83194
58557
79509
53089
96136
72191
39539
15417
24987
95446
4078
28081
37796
79702
87614
58751
23584
63213
7161
81759
86037
74230
88571
41968
4719
8100
59297
24940
44634
78265
11483
95919
85162
99020
24978
77766
20923
46184
36964
87793
97761
75318
35780
13497
60040
52495
31898
25461
43852
64288
76291
18930
81203
91157
58654
26650
42903
61113
51548
31223
83394
96272
23895
48867
9331
42512
71619
2565
96603
4328
93493
60710
19418
66665
42909
68119
881
62926
4867
74784
26067
1423
36482
35513
52395
6214
101
63510
4704
46056
41931
6319
46615
27805
75081
6089
48629
78184
31747
40897
35556
54906
34007
40785
53265
95718
67760
36005
53982
56610
28591
36708
46523
57416
18977
41961
85406
88036
71965
29193
20089
18999
88663
31874
44465
57745
68717
71668
26628
6526
59188
70466
55135
2977
17510
49254
67456
77639
88174
68852
77621
99857
22948
92645
67377
52041
19290
14039
24093
56382
44156
76475
60534
99545
81453
76585
34778
20491
38883
63680
67789
1281
63272
85292
66562
53337
69520
57760
10254
22546
34022
33622
25209
38026
95828
81986
152
61465
9294
63285
89361
64010
32783
38453
88863
99173
80286
96172
29543
82153
94138
20974
70831
52649
63002
83724
62788
41494
6482
66349
2736
97614
10036
6403
64615
50927
85413
37944
51723
45219
81249
3894
46409
83871
62925
17327
17538
13438
55803
43059
23639
81234
69579
50771
47231
26049
97453
29407
1265
64099
43285
4131
5026
17070
71664
77840
40941
66772
59664
29793
27750
24826
5741
8720
51932
84822
771
60910
15872
43564
60977
26682
58915
945
85051
62181
74704
57969
12894
70158
41595
67708
30507
70562
47134
69605
17188
29900
51917
4569
9329
81608
71091
55384
15958
6767
51780
39342
17722
15538
29039
21910
11773
10865
80568
22714
42461
37828
26537
63919
41476
36235
83109
19058
68246
16764
38390
3639
55613
47472
97473
46342
16016
95020
40662
92498
73964
98058
44417
15095
68178
38553
42971
48236
27431
34387
28739
26217
93234
70072
80149
5954
574
24078
66080
30155
89176
47426
29278
3796
71208
73551
36848
90002
47186
23402
73391
76307
62747
58245
84628
73887
98183
43605
89765
36159
23424
18272
42117
2435
43816
88321
40550
39503
2757
67973
35589
99487
10134
84974
21546
55305
62066
94771
18840
76562
67866
60714
53651
35968
63541
37031
52526
45969
78710
34696
82807
38622
55423
65123
46647
42965
98725
72754
8095
83531
94936
45296
29730
34870
32894
34225
2426
47573
58557
55754
90891
65714
59066
43611
51595
62077
9032
28161
94545
69680
73489
17741
14825
60884
92715
7118
2070
47774
60076
71420
58450
10329
31803
58982
24903
37553
21102
98084
97594
47234
42723
66800
99417
72183
57227
52085
46796
18601
85836
15409
11361
10310
76558
11485
10318
77766
36102
52746
24670
44227
82760
81758
79872
29322
15857
93081
14242
44134
50340
25530
99239
68338
6412
88182
58445
79092
53941
70985
22096
30092
95520
68630
60674
48352
64959
26615
62776
74049
47232
25838
35588
29615
84880
94898
16709
96580
33252
23752
88486
3405
52508
52929
52692
92769
9867
26010
14925
59428
31249
24832
49160
82314
79659
42966
53190
77733
47054
31940
26226
90264
97549
25156
74763
6093
9499
73812
36564
47906
69932
7512
82824
1436
94453
45372
16669
44515
37953
92301
77478
32674
79387
22350
28114
85290
94538
30961
13723
81636
92740
96755
69953
11434
30992
19933
51968
16754
96129
15793
18270
87770
63526
27176
70273
81861
57720
87183
93990
69789
42764
13632
6769
13015
56288
72580
39465
7621
65844
87494
9858
62001
41812
48344
163
19033
14081
31985
78525
94894
95357
71901
44929
5690
80552
28427
23949
14798
61
35579
79349
44749
42097
12994
89113
49261
57763
89807
12794
64047
76968
37857
80175
85498
79280
11008
82341
12303
37026
22880
42035
68929
54017
93239
8369
78567
85652
13730
79974
54614
86507
35239
93979
59883
46971
96435
23470
10779
61335
62268
63093
63383
17662
5582
92408
50464
99246
39990
86826
40262
1818
36787
67189
70531
16348
40225
51666
82178
72152
72209
68736
1435
72310
18736
45766
24171
39042
82560
39271
1017
33710
52551
3227
45615
49396
14451
73341
4328
4486
48091
71654
65138
96042
88234
32618
19049
69898
62584
20637
88890
80224
9015
19626
67091
63084
84760
96178
60288
27818
50589
18330
25715
28515
77738
59317
54827
4393
76376
20869
79570
87638
99559
94195
91575
94457
13345
13070
52082
34688
14688
44910
48527
61506
83193
63260
46584
5375
2331
27183
24937
10349
46185
99171
93702
7302
99219
6933
60583
1409
72859
54978
29003
57413
87069
60682
63181
79967
79990
7357
10717
38586
85514
94827
6095
54445
92913
43048
42780
39686
6928
62898
45096
30165
53811
91491
28122
1402
89446
53695
94748
30816
47337
88648
69363
42468
30264
18289
35529
62750
73924
13254
1420
77491
5676
27111
82518
62411
13
27746
653
84940
29819
32309
38523
38008
54026
17823
73630
91648
22122
14991
37575
25275
56274
94578
38596
61185
8995
21091
33558
61809
3740
26911
34281
90939
46412
47069
79851
62548
91854
41519
30283
57849
66904
38146
44988
54164
91791
72089
8550
47240
19955
8557
9590
89026
73042
83883
53183
16824
48543
8081
20017
11271
50373
34359
52500
38521
76908
70279
15518
47277
52000
3597
3165
52716
68539
75821
19614
94111
71592
30767
70578
74522
22737
90942
24081
55577
9264
26978
1503
66789
29674
96509
65652
58071
94588
52658
92392
51752
14481
82749
45584
76165
41828
53671
34993
97186
83518
93484
73002
58533
78843
96963
29458
65825
66114
83233
41382
67868
1608
76725
25912
25912
65588
54824
51383
85454
73988
76386
37536
40302
74077
22616
40650
69802
56257
65859
67729
30182
85442
67019
49088
24476
27545
94306
35236
28901
6226
23987
97854
58233
80600
88411
16445
97509
82302
97312
52769
38900
74072
38916
62377
32093
3747
69182
45378
80183
67317
97907
84557
67763
39511
38632
48580
66921
76668
40990
588
61544
70984
45593
76710
82722
83648
68256
68089
3549
36630
46237
8686
5298
3206
66772
98171
36896
79290
32383
26376
53105
93312
72338
95332
23303
13082
78505
8398
69517
15796
33236
29837
79712
82907
84729
54699
79143
7138
26701
13825
30435
43713
1000
39518
89909
74460
37130
2638
9116
66347
51237
94959
33246
45864
74049
83158
40980
8050
34491
57021
2424
97288
60054
2019
27769
67089
86529
88034
59000
15013
40799
70561
21738
4117
28535
47415
43165
10389
25177
26350
35155
64263
54634
82737
50750
61301
4066
23760
46067
58473
49494
86625
85558
26292
59602
17009
48969
72102
55027
61912
37926
71887
32679
92387
29375
31578
13804
19849
98070
41459
75071
55214
42762
34389
53624
50467
25855
63352
12197
51778
16498
61880
92881
46302
60840
30176
20569
81022
63464
14374
79328
43271
92706
56971
5378
96750
91746
76601
92097
82369
17928
15926
87371
17103
59030
9570
92112
68563
88337
54807
21547
51402
78274
22329
37268
280
87870
40404
59984
93424
58464
7272
4873
90435
23776
67868
78256
34393
86525
8935
96648
49465
62590
88349
37208
11718
47862
92390
78230
72813
89480
64802
49041
20898
120
73653
54190
95743
38705
31234
96408
93725
35753
19890
18065
60089
91454
20186
95805
77198
47718
38992
63300
64372
3927
17089
64375
11308
57775
15261
86042
33447
95795
86905
44017
48071
85928
65473
73804
31765
40550
50908
31673
4009
61216
30101
3449
5475
42923
48423
14778
93980
62311
45688
5787
21581
32014
47222
42953
25541
94941
57864
29870
84380
82054
84385
41458
46397
53499
67716
50060
77637
93318
31563
29084
98417
3438
3993
14055
71649
95632
54175
64762
96196
7274
61774
37042
15527
68730
97682
78230
49665
53972
91176
91605
36328
88868
33570
92958
64259
94190
38838
79413
56468
97201
51750
76493
65179
86510
50707
35769
60822
47472
85278
18415
75175
79432
22883
73379
76628
62951
10709
91370
35332
99712
44707
57474
60736
4225
41182
27357
7902
55547
86267
30189
88311
41525
82315
52695
68375
285
14320
25454
91759
62099
5285
56832
54219
84111
85318
55820
75367
94942
9151
34675
17972
98102
41879
18925
7921
11936
74301
55546
44661
50299
99805
12885
45200
65663
73326
20646
54323
31125
46385
35906
69995
57095
85298
58187
13968
49149
83086
12058
1979
55847
53172
4398
98151
37881
77604
90580
21548
48399
90049
25592
95093
49589
6344
11670
7608
28397
97898
89763
94377
92452
9697
54428
54417
57330
47457
53852
61606
11288
2163
17285
70509
46419
20206
26763
47166
69605
90859
31901
87697
21893
36757
54480
43630
3744
27172
97123
91018
69408
12824
81463
3754
71932
22504
73132
48418
54105
20233
34971
33114
434
62807
69884
61967
32000
76761
89652
61404
90430
73212
40363
24857
86793
51386
63310
61578
70025
74150
23587
3692
92333
32972
4134
5544
88731
94212
39986
36717
69967
26409
62605
25216
51953
69459
86092
21277
35422
59183
38269
13901
18332
18591
6084
93669
90491
77485
1319
8364
37006
97766
59973
12876
20290
59791
21234
24419
76456
75477
54904
57471
5106
15148
48106
19168
40816
12278
89148
2304
61179
16879
83101
21597
94239
45181
44781
25701
27938
99409
59855
29711
54961
68491
59950
81702
26694
81366
94644
56611
74349
13709
9539
77764
94159
4523
62391
27488
88849
66574
23988
78767
32310
26078
73817
45970
47484
21596
34014
98464
63051
14006
17452
92454
66315
85507
45142
43328
59153
63584
539
8693
11696
9143
38880
63793
12518
11217
48533
65657
48404
49330
91675
55775
21195
51795
73148
77563
24692
37746
78980
58208
47541
84429
69615
58506
65895
31732
27008
94289
73067
88497
13573
90082
59128
53157
13275
34384
47330
97965
53304
70429
50988
39526
11561
74863
95222
84622
25718
95385
89659
2213
36858
71689
82257
58284
55264
85952
30181
11009
71016
64809
4957
56963
17509
68383
88927
20097
78873
93894
73737
31075
5054
17640
24147
83729
57999
38909
18662
98424
44583
72083
83876
75945
40894
98186
6109
64476
54342
80288
19773
41783
99734
7340
34763
15060
870
14507
1389
97674
89748
39592
98373
36311
28705
46739
34218
55322
39294
22986
19621
88806
98857
73198
47438
39067
19120
64680
83827
71831
92486
55918
20416
49350
236
4805
75297
39323
5179
71712
62937
11087
38036
99154
20375
8874
96982
20141
63453
875
25801
44841
77258
95121
21590
98610
27808
20586
1679
32382
52523
71046
51480
47908
43868
93933
89040
43389
56294
62621
77844
67794
90603
60885
84308
83086
88382
5127
32890
47900
65724
16078
41004
59456
85699
1493
69577
46480
63790
39950
40190
32864
48790
86369
42349
59178
9801
44641
48174
25634
11804
5798
1748
78148
95923
68234
81622
35806
35730
3218
46643
49196
56484
14069
80065
69417
59735
5299
48943
39259
18893
24350
50503
98075
61465
58055
56200
39176
83084
23233
57515
65809
4124
32378
98829
71460
60358
79996
45473
68048
24224
15203
76498
68105
33401
77320
10311
94510
63710
69267
94432
95499
38818
99063
42621
57327
3994
14306
66578
26488
82638
18733
46591
56590
45851
14165
54009
98981
83952
8765
87705
83847
58201
40167
85697
79108
28824
50870
76212
86782
63395
71061
53959
63828
15526
60843
19367
75729
86571
37841
16669
99732
32876
50461
14854
79264
6502
50104
77833
26227
90306
33984
98056
84402
16727
91527
76299
7711
79404
18214
16623
63221
85964
57628
62534
17495
41499
30090
83557
65677
2136
90332
84613
66269
21890
26834
81250
923
33166
17443
72305
16272
40835
10437
49008
31706
21810
81140
48587
3533
3112
67972
99334
82507
43676
71103
59495
75280
86542
82409
11167
1608
78158
44437
9173
42100
5662
52734
51479
97446
61698
96160
59396
44710
66737
47569
80305
7481
68609
61851
88568
57898
84449
83876
18439
79143
18013
30462
31315
55224
42315
79609
43467
14704
1283
30429
84319
62043
41764
89930
72572
48778
70658
74818
37337
21473
95858
71048
14015
73901
2924
32957
42372
6097
87285
87097
72154
57116
54956
21739
53707
57298
51053
89656
48722
18204
19423
50974
33254
65032
35146
21258
59556
15949
57360
33708
32231
46806
99968
42881
99588
82833
87408
74243
47735
40949
98739
20459
64351
64146
31863
83775
11756
96354
55494
12986
74297
76836
77695
78471
12516
92027
62795
77126
66037
80761
75740
2511
79260
72418
8937
55370
72370
79738
99794
41200
50415
93829
24056
92354
57079
45840
53463
71191
63886
12161
22574
81468
28811
98101
52551
42763
63282
64526
2211
98293
71890
46161
25596
17652
20956
48409
52975
39179
28983
37704
32473
30093
93312
48295
74098
24816
9033
3013
15695
77524
43257
730
26690
64352
27912
74948
19131
32159
42886
36811
39323
73467
92606
95138
20505
67231
26428
39818
37260
50616
16360
90541
96182
92321
91943
30488
12257
48144
76075
73049
6895
87856
8200
78821
59146
26457
75027
85558
42785
44466
21986
19678
65816
99377
66302
82217
9136
46565
21881
86776
81984
16393
66726
27789
70198
75020
88934
84119
65479
75568
63135
44279
43943
57503
68640
76517
86941
87065
64575
3160
37192
34390
17359
27386
44127
45863
52087
3166
55460
32356
12579
89087
89636
8273
9094
32714
35982
66847
59215
14349
60756
63438
89038
46244
2482
49580
22872
38640
44737
74650
20713
96604
42325
92161
94098
86552
7053
47542
91387
22050
64770
75610
80337
59022
90240
29982
53851
22953
18777
14393
59598
72606
17113
86471
13527
44594
22669
24812
72921
40227
31827
34374
66058
93305
42661
23749
80926
40688
26917
88420
41348
57453
32868
56634
91032
49796
98610
30004
71744
53633
65106
94100
23073
31356
15558
13092
5124
21694
9749
35752
45421
78889
44539
24130
60297
60859
55462
70766
61126
2613
26377
98925
42338
16292
90004
22487
27866
60646
3673
92647
84444
12482
22043
56908
65849
20984
56812
41185
13915
98422
31786
6642
59533
21043
7452
7003
30026
90005
28827
11269
29103
69367
51748
22391
62081
5396
45873
62575
7095
17311
39995
45470
51366
82410
40097
34207
67350
35419
42060
96873
15486
43546
35518
79230
38042
50560
68757
83849
79624
41848
34312
30937
36922
69878
68371
70113
3122
5450
65198
93665
37345
5818
61273
30871
66022
82973
68905
42500
82274
46139
68518
53209
66042
55072
55634
46961
55646
72236
85554
56756
8226
63979
66707
86292
51633
92630
86538
25921
24468
98136
80430
71778
3675
57950
11575
5637
70253
44995
33856
54158
84405
82721
71652
89004
72662
96492
94680
20704
7872
63436
3475
93570
52352
643
4122
71014
97462
89779
73210
26552
42205
93440
92612
6340
33418
91506
10415
4796
9040
82985
46438
44612
10020
21330
70600
54931
38951
55223
40701
66803
12766
21851
91565
32184
5963
31216
32533
34094
88207
57644
77536
25693
39257
83561
55699
36519
61798
47547
48455
18584
25488
64096
51420
4097
85474
31724
87984
59219
33124
84901
63879
22219
8972
29789
15854
40137
35584
78450
56933
48375
75848
592
95999
89330
22847
82625
7291
66302
57161
2881
37145
19987
54142
46663
35540
60769
46371
24995
15414
45133
21230
69240
41523
47090
12694
17990
85068
45086
91690
25717
53617
64500
4692
67401
12111
39305
32879
37576
76721
35538
73802
85356
4315
25130
64174
12306
61252
87919
95360
67729
95935
68191
39341
1203
63473
73453
88482
32856
58756
50428
5319
86153
78157
70244
56872
56556
82660
38386
94997
11498
70098
12687
44685
84134
86662
96789
85277
44536
57961
55738
63770
82293
33119
38753
38641
31071
21603
65311
25885
51436
80208
17351
64625
10955
7656
87509
60518
5890
42286
38816
77560
29562
78021
70505
23319
87232
26398
92085
38788
30712
37691
89018
35170
11775
86165
61576
1510
20757
19850
9066
83321
38839
3734
47160
38352
83670
61361
84868
11569
77280
2137
57900
34212
81073
68937
68294
18829
5043
89460
85456
79178
49565
72105
11745
90434
59384
61685
86248
29776
39599
52515
63249
12935
79773
3317
26984
39765
77068
61048
18322
19778
83280
87064
99481
64842
93359
45746
85518
98852
49974
89140
81524
4579
42317
1563
75081
37805
4103
44148
49464
55275
7895
47946
12978
312
73311
59876
5081
99831
43619
32888
5104
32694
73140
24070
44016
79564
92076
26969
6778
56102
32481
51249
71034
91259
87413
34707
14709
6159
13797
15608
74110
54313
97482
33258
83477
1484
94823
92791
70950
87539
62524
73934
4460
66083
38562
8156
63766
84405
13349
32968
75955
56349
71952
83896
61938
75786
91026
29794
86197
40868
11686
34442
99181
41467
75731
54720
84955
723
20744
16953
64373
1642
34837
88183
39846
23176
90651
22798
5162
51062
1779
29396
31755
18130
37382
59109
14584
66105
7074
43272
89818
73002
87655
90971
51682
39046
66965
8946
19051
26711
3469
21
51943
61959
37166
79038
78408
42718
72763
17905
85040
94149
40201
42123
34717
71664
97110
94334
41919
70359
59688
64402
47643
18262
24475
30987
37731
87757
41312
50119
85110
95913
72289
4846
10761
84507
27485
3738
10946
36433
92452
65828
32613
22598
31930
71052
81978
62330
89752
34952
64733
32029
99214
50234
41487
38831
94362
39178
40172
73071
7445
35142
633
65840
19751
87203
10444
71843
40119
58101
30667
49823
8108
8
60851
98960
33831
15589
61660
37726
53908
66865
30359
26446
58364
700
36832
27748
82595
7626
61918
21198
30521
40216
34071
27706
85725
38736
56740
86112
39893
12096
38665
82780
42697
98734
49644
70239
48264
71076
58688
52303
93796
46973
3897
7257
17944
85151
69375
93255
82048
73490
44523
52395
27139
57880
23359
67728
97471
48213
19056
40665
89003
16504
67702
64674
81074
67592
40951
50936
91638
48632
52403
55786
13854
30602
50750
66769
97015
42079
9773
29448
93796
37497
70746
51278
35958
60403
96056
65429
29649
75582
77056
6197
56321
41813
18855
56910
56746
8602
81329
80599
61817
96199
68514
58871
6914
11259
97345
18302
1578
78159
80554
20734
27487
88533
16827
41168
63810
57496
29647
24642
51960
6560
27816
31686
44642
22187
29901
66253
11452
57944
67273
23729
36862
97636
80484
27164
15014
94790
62501
7924
17517
45886
14989
56786
39589
2099
74661
26382
244
90636
5513
36913
7883
19852
87032
62098
69280
8185
82326
88039
84698
45643
31573
52635
84499
89568
14873
82763
14691
9057
12970
72842
10304
94763
43726
30881
74300
94713
85209
13754
15061
3260
61954
69270
51398
11431
89497
35271
4440
73168
48339
71584
38580
65998
67341
98284
33367
94510
68015
21818
35638
8998
94282
24006
41921
38896
85469
27220
21416
40408
45659
63457
82172
61451
39725
40574
71787
69801
32549
69242
5993
20959
99068
82667
30460
79106
89879
82784
60087
95539
3759
28353
27955
76344
67665
1263
53246
92298
46613
29735
12279
21729
76444
33013
21929
18954
75495
62468
75416
39216
95026
74745
75957
64864
34249
97100
80558
96922
73880
1637
97133
18510
58891
90579
34075
44247
95238
57587
16000
7612
83623
64843
5580
54285
60711
48283
94958
22434
40210
77433
81954
46569
76406
89980
95169
14821
52803
43336
68884
65698
30193
36902
96136
49452
23672
65300
27911
22071
97153
19483
71995
69834
91884
18160
84153
42592
87999
84469
93599
89317
24729
47138
31331
7634
48601
54506
22440
8376
43804
59466
95713
30780
48692
78025
47981
70743
57344
8967
33114
80948
78901
53718
12404
21506
81421
37022
9220
9381
75173
70362
20841
46898
72603
35142
448
56943
67589
56324
29239
96679
9149
8916
61631
15847
79809
94192
45985
9900
42622
11519
92553
62122
32950
25585
39229
92702
95566
45128
66456
7033
35584
40059
58768
15880
43804
70412
79333
30565
92839
39368
67758
96024
26611
17615
55990
10527
26640
75748
89849
20336
73703
31118
88492
41874
70587
87914
40514
85731
34587
78652
71031
63229
58146
49397
78805
62717
64942
14259
6272
24623
62124
11928
20515
73887
68268
62598
61329
94647
80855
43667
28290
29424
78250
83799
54167
60950
51049
40441
77511
12808
51318
51864
19699
84535
38758
76602
87387
36613
70700
66320
70677
63080
27385
57079
46071
33686
25077
28254
31688
38665
34607
29839
94250
66968
55767
77507
76713
94947
53242
58515
16896
91765
95183
78033
26670
29919
7274
75108
63881
80659
84998
28892
35955
48424
25982
25364
93548
58204
2336
70763
81920
13545
33208
63933
62501
19631
44501
73985
83585
99559
26768
86080
59612
82277
87044
58553
63060
80275
92226
61347
76533
50913
38530
36417
17527
39711
10685
77744
61481
65006
70597
40590
48492
62057
11737
5030
59054
71506
24109
10002
87615
7792
35070
88216
6890
63648
42558
78778
45378
94809
10734
66060
82770
10627
73191
8710
4378
99418
83692
74691
62872
36800
3209
74083
98467
28622
70015
6733
52932
50772
49349
54286
16919
66744
15681
90820
35465
93203
39486
96984
7869
9169
82132
7257
11360
22577
46930
80958
50741
40258
89173
97257
72331
31672
53676
52006
20392
5686
62394
31477
87472
28713
64028
29594
75481
63412
92026
75318
63005
39692
15939
7126
26065
51715
46165
19440
96028
7740
36875
13062
62233
18698
9245
26826
57457
15137
95171
59499
93885
7916
4284
66982
66059
18056
90755
87232
92790
97775
72964
55049
93116
32803
56474
87232
97024
87795
49431
74922
54482
22882
39246
49309
85989
52172
34445
77845
14567
51926
15455
28335
7044
2765
76667
790
4532
11737
74168
76991
94133
34884
87734
43976
72377
39589
26142
73255
62990
47302
21688
97393
42027
44822
94839
8587
27801
44102
26967
90792
38691
92555
66604
16922
58526
71430
71533
74241
38448
22003
47060
96853
38039
57366
93302
73205
72394
14984
42338
7742
52511
64331
10536
58154
36409
64012
8291
73449
61451
97872
22782
18512
48595
65
73023
68212
34803
86601
83409
38251
23699
51693
55281
465
99493
78809
33778
12618
37364
35386
82025
87222
52135
20908
79231
92957
35411
21899
6960
65239
4109
29168
36778
39258
86020
72325
68206
37469
85779
32830
32166
77578
36525
17396
25517
78425
86397
93626
31900
33560
7281
58529
67701
26144
57979
62663
21684
59900
68465
7156
62446
71569
2371
75258
35855
48799
91514
77093
55284
96356
38600
40984
92541
24604
80849
88935
48258
84434
33166
38967
20990
66160
11086
83395
227
3814
85736
86223
16942
38524
10347
24359
55757
95172
76238
63274
68977
48233
54788
21353
96583
92669
64751
61912
64029
88899
98001
58512
29067
43300
99080
97279
28803
65916
65872
13101
97311
18880
88445
80605
22137
71193
66870
63348
86281
25990
33455
31202
6954
56813
50376
90122
94053
17535
64693
40787
8294
26964
66940
52788
29883
14160
88013
5206
40821
31980
63850
20355
69534
91588
2534
89300
24073
31315
85445
38240
40060
79737
92912
63241
91497
72702
54690
75589
5661
16778
7683
77796
7363
53353
20607
1966
22132
9285
1192
66958
97007
56906
47479
26814
84409
22886
37097
49294
38101
85526
33573
44482
28322
2187
54551
39811
1785
54741
53556
90745
18154
49560
96091
82017
79294
43933
50860
69603
6365
50455
99512
37132
85471
44988
46257
67903
44132
44508
57366
20215
76773
42962
59106
38869
52287
79141
46059
84136
20807
87307
26109
64981
85425
28180
68516
19884
50984
22216
31027
90495
29266
59645
58951
25780
34048
55348
28770
21870
90735
46426
32186
63791
24283
56239
36488
958
52658
93192
64344
61749
67996
16381
8782
49164
67728
4677
64223
66909
14721
6253
78553
85329
37251
35729
41139
30676
92985
26328
25221
14613
80364
66339
17297
88883
51664
51431
22816
65780
44703
10633
98835
85789
79452
49810
88009
70402
98140
10350
94077
22124
25343
41631
55055
92313
51286
76373
32844
65906
11226
23470
22181
26836
24066
85931
9597
45363
60185
58327
14484
64439
66555
11718
8765
38299
74187
50665
1874
7235
40660
15169
80918
4114
56423
80832
26974
35959
58399
52357
23197
24943
37610
61875
12285
62362
89962
76763
51659
73566
65921
76218
83736
89348
1457
9251
71737
8106
61555
10523
65398
46515
91147
69145
66824
77900
13111
27360
92697
77108
32582
18338
30525
61287
81171
33975
81194
94818
13596
86945
37295
13786
86623
47769
21610
18369
33411
65342
69473
55575
23547
13504
51760
45355
28422
58528
52584
99304
4691
69827
5821
74010
99136
44654
20312
60097
64044
82853
44342
23632
78627
51203
15929
53416
89149
69886
92148
40172
77164
55894
65939
39981
333
49256
92600
4415
79736
50088
10553
13680
84498
14761
55086
46920
84397
69778
52639
47124
52622
46567
5801
2886
51057
90385
15521
10345
93809
56615
82782
35452
88070
90104
62758
28862
71802
27075
99715
70018
46481
58406
11255
24285
58793
20153
45499
63879
84827
25484
22333
81397
14078
70223
11143
94587
72612
90312
45916
52075
26053
48040
7009
14050
24420
52757
31180
13750
73412
53140
50925
30740
78518
34576
27022
31875
1492
85821
48434
44181
39393
11332
7363
30265
43048
3734
21388
83463
99367
1773
19150
49512
54992
1780
57132
51721
32949
58078
27239
49987
41714
45180
80067
65827
49299
66021
63931
83457
52059
17629
15053
60293
78029
45779
12922
26242
44881
82493
42091
82557
8333
74067
49164
5154
68824
52871
3921
97982
84143
1505
98709
45289
92590
74408
33025
89510
18140
59303
91093
6510
79733
6731
10793
94569
55375
58334
29660
27119
35263
77024
3848
70189
91593
50685
91177
71266
55851
89145
45798
40554
1599
26518
72880
46984
20460
77663
30189
64437
40868
21576
62349
2115
60538
34931
29996
62132
4586
649
20150
20799
86503
69768
78638
50753
91710
43524
18790
99541
57826
40111
71025
443
41658
99272
42882
18725
8055
11926
8576
17281
8735
41058
56492
98020
71199
54692
97690
35563
89271
34403
37264
61407
84022
78974
24502
81049
63848
54716
60101
93747
52206
28276
49532
10548
24961
44158
65555
79132
64037
88098
70688
48719
31299
8147
92123
84200
32205
733
31543
24722
95186
18951
80360
40759
56639
20864
27637
55100
85910
72625
78694
36914
25037
66021
39009
54215
44931
39653
75511
99553
11606
20270
36071
94882
93954
35819
2362
89382
50018
94642
74625
21355
44798
87770
58006
39014
80028
39635
34380
5174
88507
47055
72822
54264
23791
97156
79358
53499
46613
94621
99524
67957
70446
35059
23344
40645
66460
31102
51746
41269
51413
82812
67267
51261
74164
52974
45171
41256
56372
37397
10243
34082
59199
78512
2129
51673
55127
62167
99518
28807
45628
41611
71113
96088
68560
39571
27122
44040
23857
12567
16733
20372
35836
58855
27765
34920
4773
56930
9467
50134
36542
35276
27209
57603
30174
48789
73179
24953
47451
42942
13623
5134
11720
31746
56361
44838
99394
43139
4792
34676
33631
46926
98625
58717
82711
28955
16949
10739
62312
5897
65514
91944
95693
2161
11894
5550
15752
86722
34711
87916
11293
99976
92099
64285
50461
21541
53004
25434
86758
64183
45327
61192
74300
30272
28339
46475
85911
40705
2126
52169
98435
14028
11711
95039
32307
77245
18644
48072
97406
27649
79862
81192
58692
66950
64643
60311
91290
64605
62320
82060
83664
95359
24143
56665
65526
38223
93045
88287
34953
78333
11005
68218
17734
12105
1313
69166
75501
828
34030
54808
43589
66923
23925
72252
59359
86153
14613
39756
80658
15884
5097
83055
38923
76468
47644
81596
13328
58728
987
84572
69110
75544
89654
28570
59665
5864
36269
55501
62560
40440
25836
78512
74491
73316
8252
27326
38997
24465
15671
17338
82853
76404
90765
12229
81978
72030
13071
6018
5571
36476
41286
12257
28844
74062
91190
62289
70823
67164
76619
98282
42977
41003
59974
72112
30307
77448
79206
3286
53128
99369
81414
85078
35110
3015
66278
67857
69398
44045
19478
57796
16036
72273
55635
80060
48139
79178
45373
18017
14654
5563
72173
50109
49586
15896
78825
73651
3719
61496
30819
29407
19927
31854
9024
69851
47591
83802
40174
50960
1518
44929
94225
95176
5362
29997
52413
79393
25183
28087
39725
37740
68408
47996
11486
85092
28841
8522
48340
19201
79046
3701
732
93902
82445
53023
84320
44217
23929
42713
20671
43877
41991
18815
89419
80671
96361
17929
81986
79780
61889
91349
47557
92380
76367
4999
48892
32872
22683
23088
40233
99067
35077
7121
80549
66792
54412
33118
6784
18455
79518
26259
86367
80377
6145
65938
76284
29466
70467
3447
5259
23887
18516
27520
97635
39208
1317
49628
45181
8094
43064
67555
44634
59989
14480
51099
44931
48517
24279
85322
82395
78440
20054
76776
77531
77650
88518
64929
7183
9146
47835
43083
65225
93989
38514
16742
17413
8590
77721
52081
22638
86597
97001
2147
58713
3390
55444
67741
14474
15521
90794
25253
39007
11942
54029
48919
24566
40169
8677
97871
75181
89816
6928
24810
59845
39772
35873
77118
35887
46241
92638
88451
31924
72046
54855
49647
29242
57994
79854
65104
84610
3239
60552
167
83454
41035
74763
10616
23525
27816
11147
2414
20969
63059
23204
11725
68287
54029
87815
81220
72218
85957
11329
4138
76598
83382
85016
74161
17942
40002
24488
41025
96509
11200
29667
76477
17297
4624
62710
71594
55455
51886
69063
78688
49596
18976
50762
99855
49091
42760
90339
42717
1006
5852
65761
79531
19198
86653
96770
77877
69659
76889
68441
52316
95955
49756
25021
13372
33369
51930
474
7203
86976
34342
55765
80164
48761
3165
540
24993
81612
91777
42210
32757
93957
79993
10959
46094
38963
48804
29225
66708
7206
47841
58190
41508
91476
86313
73620
170
70781
66258
17220
41032
11722
47626
50504
51095
76721
39160
25338
34715
87139
89313
56199
88512
83192
17208
34465
74797
62689
63289
65892
70156
20815
78025
18061
91710
44283
28624
76494
26748
94908
9123
6667
34372
77594
31318
31819
70224
63730
65663
68868
71580
85547
65189
44717
25166
32243
21335
82357
4578
99132
80940
49395
7895
82435
94981
89956
77426
3031
24660
93603
57595
19180
77808
36669
4809
74197
42023
22852
99581
37459
55187
29097
1674
41079
4809
43378
61202
35110
6342
42521
26104
59051
66505
28134
19148
47531
46450
59867
17995
93080
97988
41733
26984
10600
73050
16447
97789
10341
91728
19508
79886
23325
87434
91746
31615
55185
67507
36815
18611
39408
81374
75454
6483
55978
85197
3738
90087
76002
5287
12060
25530
90429
25700
21595
81377
28134
20022
95661
5878
81384
31720
48708
53169
35384
21123
14008
26445
89610
745
89216
45833
69275
6878
90387
36220
11440
71443
60605
51621
69165
66410
11609
69318
50640
23841
70968
70393
41095
33194
93728
6751
68129
35676
53711
70066
71432
19795
4355
10444
1284
742
14592
49851
40589
87953
78379
4951
86287
72123
93272
8146
33932
94865
43113
58736
41646
16736
88224
65827
32682
97876
26233
6115
641
87491
75030
74214
190
40708
4339
66302
79060
40085
98673
43893
74389
64473
74577
79560
69574
98821
90571
49017
78773
16685
16885
33787
58279
20213
88935
95359
42237
21421
66917
44183
96789
75632
75270
99577
25059
74250
22463
9411
44064
18511
33936
84650
95320
45249
90424
75972
15654
73799
60505
27760
22797
28936
45282
98597
29998
15376
87902
69215
75181
31654
55173
51764
9059
48628
38349
60358
79670
28501
86615
66148
54163
15678
73007
57876
79498
46234
26845
71041
91719
50884
22769
41102
20396
31392
60889
90161
71528
45148
20591
94153
13719
35146
38269
68680
78880
68573
13061
33414
20093
30761
48287
75941
49409
21573
64752
72907
43246
77495
52966
89190
72529
95447
7644
7251
62577
79538
55933
6263
34384
17451
