39906
92993
58084
81993
20352
77499
19330
92218
56782
6853
91199
27596
96375
14765
85880
59510
46470
14144
26512
96979
36912
62189
66812
69305
55283
38933
83455
81749
49016
81768
51153
95940
35500
53961
64859
5910
10237
64287
82278
94397
4980
66433
75117
59400
7334
76609
44202
91987
12238
77026
51314
38172
20239
95543
70166
53693
49126
6931
73145
99656
1666
41023
32067
77292
31428
80501
28943
75980
54179
68309
72761
43416
61641
45349
4754
51287
76847
55080
23009
95483
81704
96746
81548
68950
83885
96717
67999
67840
93999
54690
32882
1988
37141
98418
95985
89748
88828
2028
88112
38181
13867
50583
54881
79896
32296
42748
43982
69793
58581
39841
13000
32460
79046
80309
36443
99161
80427
29748
85242
47740
60563
80408
56545
33908
31857
24940
81725
73026
48551
55550
96000
11945
78632
61213
45366
69619
27942
9463
28536
30452
49726
84505
1970
22392
43444
7452
19397
21512
44588
47380
16478
46740
21016
80994
49759
6282
63417
76945
74793
66437
56314
58194
47519
59864
73658
40554
84623
35017
84838
65136
89706
21456
66105
25996
89357
16869
67641
38616
74243
29745
91390
12874
60084
21958
61087
57003
41212
6185
917
46842
23109
62810
47722
76103
70467
39220
6389
85938
52674
47699
83863
96658
84245
45313
88465
87167
81714
96287
36748
55656
16112
40044
15968
48136
93063
54114
36232
20805
93791
10572
11873
43314
11087
87962
31655
56210
26278
40566
80266
77254
19377
54354
10664
43113
5621
78548
11655
69780
1833
39757
24083
2107
16499
34769
70834
83168
21632
85036
44722
58003
54691
27570
11170
75243
29646
36693
83451
6547
36493
6249
39608
89782
35317
66369
5936
11743
7801
80379
20984
41430
36241
65859
84500
44072
1322
20696
58945
69306
42128
26529
56524
22513
48178
99674
74865
80589
70471
50671
91992
1998
21986
338
81668
87800
54159
2094
89764
58856
63372
61530
26898
39919
30673
62832
4651
84760
22747
61825
59028
20490
76680
43982
21202
87127
29652
3691
67920
72562
56316
65380
29483
90159
63586
25432
64485
85656
47475
42386
38613
74157
71560
50395
53726
4176
1021
38652
29734
45364
73310
24785
643
42434
77103
77136
42393
49968
32232
24320
22137
33187
75076
63002
97589
51205
79580
92845
65692
27576
90152
90137
24119
71060
83199
10201
8542
23485
71502
94526
16622
26642
62822
86843
39890
39498
72023
27717
28131
77555
38853
15363
98423
66253
41525
49945
63424
38619
40216
5333
33581
47309
52365
33231
42940
1516
64438
98579
79762
61321
15527
67686
54784
69322
72989
63087
53301
29662
24122
88281
97077
19683
81963
21537
90019
31451
87601
58981
79133
98143
43429
60894
68454
40487
85191
32016
61681
38646
74490
64069
915
93560
33793
29791
37096
56015
71081
40890
64435
46123
83033
5525
97771
55696
55597
51283
82627
60969
66205
82718
24730
69299
4972
44293
39250
22128
58260
32083
95689
60855
18717
79536
61424
21425
11600
65604
12531
87267
9235
63939
70091
53358
89021
90470
99492
29601
3650
16662
51019
19164
26186
9122
57374
3992
66568
93454
44141
21813
17384
36436
38377
37851
59343
21356
97430
19045
15685
11276
64704
68258
11944
9581
