134
197
410
66
457
381
382
198
486
405
399
223
281
403
302
361
430
409
237
305
205
137
100
383
324
421
279
290
55
422
129
226
252
107
456
15
331
344
9
455
393
118
37
83
181
432
390
317
188
100
181
111
225
77
53
402
133
419
190
102
453
431
319
332
331
392
320
38
435
202
236
52
232
162
20
421
252
262
479
165
69
7
35
490
118
153
437
121
293
82
85
78
436
35
405
243
327
380
233
110
91
33
98
253
470
240
239
395
223
254
454
3
44
128
282
296
5
140
297
22
113
480
1
164
235
3
167
75
187
495
64
58
82
472
202
55
393
191
128
347
478
102
498
245
354
25
194
58
265
431
195
279
124
101
434
488
88
68
325
446
444
74
328
159
454
292
118
483
336
291
328
500
272
1
318
78
56
135
227
106
48
282
134
445
420
131
202
35
341
414
62
40
432
242
316
243
13
247
226
151
192
143
246
360
180
418
499
355
272
62
324
125
404
191
362
330
243
357
31
197
408
280
139
82
233
156
125
220
173
466
225
97
250
378
200
371
105
6
442
53
410
52
311
285
78
329
4
79
127
292
228
294
334
409
459
291
461
297
31
174
150
171
236
2
60
43
461
237
451
158
255
408
27
60
101
469
321
158
122
267
289
156
124
483
347
181
199
271
344
466
247
113
211
429
137
14
321
472
450
455
307
281
422
45
241
345
313
322
462
57
329
46
106
122
139
113
111
211
280
87
248
341
22
442
468
279
138
274
490
494
141
403
137
373
120
241
325
57
111
248
218
91
491
366
2
6
461
419
153
293
198
225
183
115
253
302
186
156
248
464
4
44
365
109
377
373
40
380
474
187
266
169
310
439
443
14
195
97
127
179
351
457
428
190
76
481
279
402
110
232
396
158
117
364
442
108
453
411
48
370
182
306
305
223
225
197
323
122
50
458
9
469
356
133
77
58
340
197
464
364
244
119
2
350
360
222
450
326
280
151
153
126
112
237
257
11
68
306
312
275
320
477
428
458
47
403
125
277
28
306
182
188
470
182
302
29
463
402
164
6
244
483
357
41
313
210
357
375
266
228
59
204
193
138
187
342
201
184
209
53
35
22
29
491
28
271
208
426
383
318
114
52
45
135
75
51
148
355
416
44
126
144
271
333
118
225
310
447
102
493
215
443
117
346
24
51
191
471
437
5
165
397
139
237
222
428
450
172
217
350
59
444
466
459
396
41
31
422
17
348
136
26
313
321
75
84
151
370
45
206
483
189
107
91
4
199
441
388
290
208
456
242
167
259
389
154
77
236
125
152
224
52
368
12
175
459
482
425
191
366
353
413
408
369
93
349
277
267
204
81
317
472
256
64
8
498
292
371
189
134
437
435
206
182
320
446
490
399
154
232
294
445
473
120
146
449
129
495
39
288
321
61
382
171
351
32
281
42
107
477
98
14
284
193
411
302
279
378
449
40
152
338
300
303
483
168
213
293
160
34
352
394
488
261
88
190
291
404
401
103
38
499
20
186
82
33
207
489
80
167
34
9
497
330
297
370
163
233
293
83
38
390
160
462
328
77
343
85
342
376
436
368
464
352
186
210
54
256
269
68
497
180
231
423
320
257
128
51
199
433
257
193
127
285
228
333
375
249
115
364
2
418
293
85
60
69
345
258
289
373
311
435
35
317
23
433
460
129
284
149
248
306
354
156
435
87
325
9
468
163
11
408
385
333
233
173
7
381
467
188
438
92
19
124
150
281
341
80
2
104
165
363
55
54
242
115
14
253
239
218
269
499
218
329
389
246
28
88
367
176
322
137
333
306
232
360
269
418
193
411
178
405
212
117
314
160
426
286
454
382
73
330
463
65
169
185
72
437
131
294
159
493
153
336
104
447
79
485
14
311
491
328
214
395
291
227
14
116
480
393
7
452
180
406
395
22
87
131
410
185
456
118
12
495
493
110
145
125
291
103
481
222
39
324
311
307
210
58
352
332
97
219
25
297
67
113
318
379
202
52
290
192
368
38
295
86
403
1
230
46
56
52
388
284
424
116
340
362
373
473
426
473
80
415
226
445
5
350
262
105
183
336
233
319
430
152
92
345
237
273
369
154
433
112
148
310
309
84
135
187
118
146
302
137
308
205
240
443
85
296
78
19
15
350
145
14
439
110
449
411
231
260
139
110
22
430
12
474
194
331
126
204
196
246
221
232
157
116
107
475
30
478
8
478
243
204
302
22
161
454
192
2
185
447
33
134
79
442
102
466
280
80
464
420
164
435
277
22
164
95
