8763
845
6970
7354
2010
3284
849
4051
5698
9158
6447
3668
505
203
7427
5452
6255
2862
9312
5463
4796
8267
983
7167
7421
8733
790
3078
4226
6994
1904
4576
1811
4726
7602
4410
5868
8505
2509
9628
2117
331
6593
458
2186
9712
1439
4496
3820
4312
4383
3888
7017
2441
8889
823
2345
4487
7808
4144
8579
5149
9280
9855
6001
2563
1971
7267
3377
2609
2664
5332
3015
6531
2693
344
9566
2496
6132
7041
106
2644
7524
1335
2880
2662
6763
190
5618
6774
4812
2593
9769
6716
2717
6638
7007
8784
8077
6155
3174
1056
4290
8820
2601
5233
3260
8567
5642
7691
2849
9356
3191
6644
6903
8999
9530
633
3541
4754
2434
4728
5392
7972
959
6662
4577
8997
279
9112
1600
5607
9966
7219
5962
8289
9478
3091
3949
5979
4905
8791
5474
3445
8200
8806
3704
470
3878
4750
3915
7792
2970
9396
9517
6063
1612
1568
6384
5480
3350
3872
7717
6823
5344
2278
8684
4527
2229
8986
1584
7741
8592
3885
9627
2554
3306
1709
1938
5264
7014
6183
7874
8697
5140
6280
6109
2414
198
6966
9052
445
825
7881
6910
5229
2320
565
3543
7136
6624
6038
4812
2516
2390
4494
844
5176
5617
6759
9873
5182
8879
2318
7774
2100
9599
4711
6271
5016
8547
6136
6521
9300
4019
1315
5743
7452
658
1964
4063
402
9753
2115
7877
5432
2689
3352
7461
4262
9618
9416
5707
5180
4895
9813
6508
1992
9836
3244
7689
2554
5431
7691
3451
9765
2222
9315
8109
6574
3966
8177
7949
5077
7162
441
6079
1014
4819
719
7997
595
5399
5780
2480
910
1088
2639
3393
3853
6102
2012
808
1697
5805
3218
1975
706
697
6516
7948
9131
7904
6897
3371
4281
1338
8909
3340
2942
6695
3388
4499
9896
3862
8183
7721
3398
334
6874
3392
6732
5545
6736
6018
6343
9706
4824
6658
8756
2291
2891
7118
3609
5751
259
6777
4984
5846
1568
2880
964
7026
9874
9458
1480
3045
6789
2896
9180
2680
2317
3248
2729
456
5484
787
2759
2969
7534
4630
3312
4981
7172
4740
5545
1158
9739
312
230
9871
9397
3779
3044
4909
5318
3458
4259
4716
2529
4862
5412
1397
3252
5463
2634
1718
4897
5370
3509
1502
2928
7512
5755
6117
7367
7244
5624
8271
4887
6429
8989
817
273
8726
145
5536
4658
182
9918
8131
7465
7368
7438
9380
4906
962
3455
1484
3722
9029
7631
5298
8613
8526
9186
4631
4787
3058
7339
337
3481
2777
1453
9386
1251
1163
9677
3983
4373
2696
6949
7198
3313
6739
3551
2080
2401
7252
5345
7140
2627
908
2111
6414
4712
1823
2008
1043
111
1589
1998
4373
485
4993
138
2875
1686
3747
6906
6226
4471
2948
115
9352
9314
7694
833
3619
4138
8400
4252
4137
8661
9447
5912
8643
9123
59
1490
5696
9190
6875
2069
8381
9583
451
9716
8115
7557
1079
4505
2489
3280
2192
25
469
487
8048
1929
2307
4165
474
6049
3136
7263
3020
8751
3662
9892
2135
5157
1738
800
3558
53
5572
5073
5138
3316
2077
2013
2413
6202
6927
2713
1795
376
9839
7397
5237
4136
6915
1373
2872
7051
7681
2962
3394
6425
3865
3756
2700
9270
1567
2087
5420
2481
6287
2606
9233
6527
6699
4988
5637
6199
9188
1761
3021
1323
1977
5581
2238
2804
7406
5974
5809
5788
1461
3945
6356
8175
7179
676
4705
3721
6528
8430
4992
9920
6209
9239
4138
3216
6471
2732
247
1992
993
2917
281
4794
9358
4724
1328
2613
285
3500
4173
9400
8316
3761
7630
3720
4463
3836
4595
3036
4474
2311
8720
4474
3509
1964
8838
297
5418
4289
3063
7375
5487
3627
4718
2117
3064
1066
4424
6431
4054
8117
8529
5400
8325
1237
9420
4313
9683
5485
2170
4346
5088
1712
3606
9986
5963
9203
6276
8720
6336
9430
4336
1080
7974
8810
472
794
3812
4600
8177
1255
5762
1020
6457
9019
3711
9194
3385
5735
6682
5520
6310
3454
9050
6227
9862
6755
8591
2490
6414
3626
1167
6250
6157
6779
8646
5050
7727
5591
3525
3435
3031
2626
7201
6936
6775
6286
522
9527
1161
6682
4523
3082
6122
7958
9951
2857
1396
1571
7076
7639
5822
3773
6903
7509
8487
3563
3453
2886
6196
2998
590
667
7273
8109
9536
686
8995
9965
3596
5602
2987
9265
1806
6764
7354
263
5706
3177
26
6742
9648
8372
2084
826
6647
9287
9631
8708
7780
5496
1909
5286
3524
4114
3285
1018
5586
4916
231
5948
3401
9662
7683
5384
8783
5804
5286
8031
2413
8096
1387
6162
6066
5839
6811
2021
5969
192
3425
2229
1066
4304
3187
8613
2336
6483
7443
2622
6638
5557
9227
1579
803
5263
878
276
1601
8817
5734
7246
8371
58
3180
3445
5677
9597
9602
1553
8073
5160
2659
4290
1625
8697
494
3369
3432
7439
250
5172
5907
8997
2955
623
563
8576
7661
5077
2677
4115
2885
2511
7227
4537
8650
8228
7045
3446
4988
2732
9852
8814
2820
2019
6610
8192
6250
4793
179
6274
1442
2365
8347
7082
7105
712
8903
6890
1074
3324
6047
5956
5616
7056
4817
2808
1931
491
980
3043
3589
7719
9686
4018
5756
6165
1563
3157
8591
6917
2969
4366
9666
5899
9261
2491
4892
6543
8287
535
4175
183
5282
1252
3430
9848
6643
7673
6689
1512
7809
4888
1521
25
5224
6882
7072
3886
3805
7397
1345
4701
7102
2686
5106
7075
5205
8909
7582
8319
2207
2896
6855
7146
4843
7165
423
3262
3686
9332
6160
4186
1989
9588
3850
1264
2392
2748
5219
829
8146
2448
4400
2210
2077
6249
1837
3016
9950
2099
6014
7021
5920
9336
6589
8713
4696
3096
2502
7166
6725
5054
1607
2912
366
755
2719
5083
7251
2819
3150
7195
840
5165
9862
9807
4290
8931
7469
5477
9909
8357
2035
7077
5923
820
8007
1524
3419
3014
7411
3274
1673
6328
6407
5016
4946
8678
7415
1331
